,101,96,259,262|,101,23,289,141|,101,181,265,262|,101,98,160,262|,101,105,108,262|,101,96,16,291,141|,101,23,28,269,262|,101,181,176,4,40|,101,98,150,39,40|,101,277,280,186,40|
,44,285|,44,170,267,268|,49,179,265,268|,49,179,295,287|,49,50,89,92|,211,191,171,285|,49,59,60,285|,211,191,267,268|,211,67,60,285|,49,273,91,92|
,99,100|,162,276,100|,162,111,104,100|,160,109,104,100|,162,270,22,100|,160,258,97,100|,148,177,180,100|,160,264,180,100|,154,11,97,100|,87,90,276,100|
,143,173,253|,151,162,255|,151,156,253|,128,79,80|,143,144,281,255|,151,227,222,80|,128,56,30,80|,203,206,173,253|,143,27,18,80|,151,152,279,255|
,177|,53,62|,53,58,179|,4,42,300|,8,241,185|,8,230,179|,149,160,264|,149,99,181|,201,65,62|,53,58,131,183|
,296,78,60|,302,268,284|,302,266,171|,43,187,171|,300,63,60|,296,19,28,284|,302,258,55,60|,43,5,53,60|,300,178,48,44|,127,122,244,60|
,200,149,162|,206,27,271|,206,144,281|,202,151,162|,208,224,90|,208,226,162|,65,58,273|,247,248,283|,200,149,99,277|,200,4,187,281|
,8|,177,184,240|,177,178,231|,4,36,229|,53,58,231|,53,54,14|,149,154,233|,177,184,17,14|,177,178,46,14|,177,180,96,14|
,70,30|,74,222|,70,221,222|,74,220,30|,76,244,79|,70,57,79|,261,303,296|,74,220,57,79|,74,147,27,18|,76,244,56,30|
,135|,27,24,133|,215,212,131|,27,22,181,182|,215,212,179,182|,215,67,62,182|,33,30,297,298|,27,18,297,298|,215,67,58,131|,215,210,49,131|
,59,52|,231,9|,179,176|,59,64,200|,179,63,52|,273,163,148|,59,62,176|,131,183,176|,46,55,52|,46,14,9|
,165,107|,126,302,109|,126,300,180,105|,120,157,99,105|,126,300,265,109|,120,157,160,109|,120,253,254,111|,124,141,263,109|,126,300,295,113|,120,157,162,111|
,166|,35,32,142|,35,57,129|,168,63,129|,35,32,207,202|,35,57,64,202|,35,221,147,142|,168,63,64,202|,168,178,59,129|,119,114,26,142|
,282,238|,272,213|,280,190|,282,249,219|,272,59,66|,280,145,215|,163,227,217|,282,17,12|,272,48,211|,91,225,217|
,19,28|,19,20,92|,297,302,268|,78,60,285|,223,224,92|,19,271,91,92|,297,300,295,287|,78,54,259,268|,223,224,21,28|,223,147,27,28|
,273,278,138|,273,270,115|,131,132,138|,179,169,119|,273,278,25,115|,273,270,24,138|,273,163,152,138|,131,132,25,115|,131,134,27,115|,179,169,103,117|
,297,298|,297,300,182|,78,58,131|,78,62,182|,19,26,135|,19,24,133|,31,32,135|,223,147,135|,297,300,178,131|,297,302,264,182|
,180,100|,265,161,99,100|,265,109,104,100|,63,54,97,100|,265,258,97,100|,295,113,104,100|,178,273,276,100|,178,46,97,100|,184,17,97,100|,184,283,276,100|
,173,121,165|,173,174,123,165|,207,247,123,165|,144,281,111,106|,144,267,109,106|,135,299,127,165|,27,271,111,106|,27,289,125,165|,215,218,123,165|,27,22,105,106|
,295,287|,265,268|,63,60,285|,301,302,268|,180,23,28|,184,242,287|,1,257,268|,1,83,92|,295,113,108,268|,265,266,171,285|
,263,264|,263,303,300|,205,65,62|,263,256,0|,205,200,177|,140,290,185|,41,42,300|,41,5,177|,263,303,298,183|,205,65,58,179|
,67,60|,210,44|,191,171|,218,244,60|,212,48,44|,212,59,60|,214,144,171|,13,55,60|,67,58,48,44|,210,49,59,60|
,182,3|,178,231,228|,178,131,3|,301,43,36|,301,298,3|,176,8,228|,176,4,36|,184,240,228|,182,130,231,228|,178,46,14,228|
,122,219,210|,122,219,212,48|,122,250,51,48|,120,172,215,210|,122,244,60,45|,120,174,219,210|,124,290,238,210|,122,244,58,48|,122,248,238,210|,126,300,178,48|
,141,263|,125,126,302|,288,28,269|,290,17,259|,290,234,257|,290,185,265|,141,41,42,302|,125,126,300,265|,125,122,77,261|,288,24,153,160|
,98|,277,163|,277,91,86|,105,108,161|,277,278,153|,105,110,163|,23,271,163|,23,20,86|,96,259,161|,23,24,153|
,191,186|,214,142,39|,214,144,186|,67,52,4|,67,129,39|,216,7,4|,191,145,142,39|,214,207,202,39|,67,64,204,41|,216,147,142,39|
,170|,61,66,191|,45,211,191|,285,269,266|,61,66,214,144|,61,64,206,144|,45,211,214,144|,45,49,273,280|,285,93,90,280|,61,245,219,191|
,79,19|,58,273,270|,64,206,27|,60,285,29|,129,143,27|,56,30,19|,56,32,27|,66,214,27|,54,97,23|,62,180,23|
,86,148|,225,7|,86,227,7|,225,209,200|,193,159,148|,225,226,148|,90,163,148|,82,0,176|,84,155,148|,84,233,9|
,11,55|,11,47,59|,155,150,128|,11,12,67|,155,148,53|,233,230,59|,233,15,55|,189,171,61|,233,9,53|,189,190,67|
,224,88|,209,247,250|,75,76,250|,226,87,88|,217,218,250|,217,212,50|,224,193,194,250|,209,65,58,50|,75,72,192,88|,226,158,194,250|
,261,303|,261,264,301|,70,30,297|,72,196,303|,76,123,126|,74,222,297|,68,257,303|,68,0,301|,261,264,182,299|,261,262,41,42|
,110,163,150|,108,161,150|,104,98,150|,110,272,59,129|,108,197,159,150|,104,277,163,150|,112,294,63,129|,110,91,86,150|,108,262,205,202|,104,23,26,142|
,56,34|,129,167|,62,169|,64,202,167|,58,179,169|,79,31,34|,52,177,169|,56,32,142,167|,129,143,33,34|,62,184,236,34|
,42,127,165|,42,302,109,106|,40,263,109,106|,40,140,125,165|,187,281,111,106|,187,267,109,106|,42,300,295,113,106|,40,263,303,127,165|,40,205,247,123,165|,187,281,276,105,106|
,114,22,96|,114,271,272,46|,118,166,128,54|,114,271,276,96|,114,289,290,17|,118,35,237,17|,139,279,272,46|,114,271,282,17|,114,28,269,258|,118,35,57,54|
,277,272,50|,277,91,88|,98,87,88|,23,20,88|,181,178,50|,96,47,50|,277,163,87,88|,98,156,174,250|,23,271,272,50|,181,63,245,250|
,10,85|,10,155,87|,47,273,91|,47,50,89|,259,161,87|,259,197,192|,16,283,91|,259,268,93|,16,234,83|,97,98,87|
,241,242,287|,15,259,268|,232,85,92|,241,283,91,92|,15,55,60,285|,232,85,21,28|,232,155,160,268|,230,59,60,285|,241,283,270,28|,241,291,288,28|
,57,52|,221,7|,57,64,200|,221,226,148|,71,74,7|,57,62,176|,221,209,200|,34,168,176|,32,207,200|,32,146,7|
,101,23,24|,101,98,152|,101,277,278|,101,23,271,278|,101,98,162,278|,101,277,270,24|,101,105,110,278|,101,23,115,139|,101,277,163,152|,101,181,182,132|
,242,287|,283,270,28|,283,91,92|,291,288,28|,17,259,268|,234,83,92|,234,257,268|,185,295,287|,185,265,268|,242,199,196,268|
,294,169,103|,294,169,119,116|,287,29,115,116|,243,236,34,103|,243,185,169,103|,294,63,129,167,103|,287,29,115,118,103|,287,29,24,138,116|,287,93,21,115,116|,243,236,34,119,116|
,149,160,109|,149,162,111|,177,295,113|,149,99,105|,177,265,109|,177,180,105|,149,162,276,105|,53,54,259,109|,149,99,277,111|,149,158,196,109|
,283,91|,234,83|,283,163,87|,249,195,192|,283,270,20|,249,250,89|,236,221,224|,242,199,192|,242,287,93|,291,288,20|
,293,199,73|,293,199,194,77|,293,113,108,260|,293,199,196,260|,293,287,269,260|,293,243,249,77|,293,243,236,71|,293,294,265,260|,293,243,234,69|,293,294,1,69|
,168,301|,168,265,303|,166,39,42|,168,182,299|,35,30,297|,166,151,160,303|,168,178,131,299|,35,71,261,303|,119,139,133,299|,166,128,79,297|
,216|,214,146|,214,207,208|,218,77,74|,214,33,221|,218,246,208|,67,64,208|,67,56,221|,239,236,221|,67,79,223|
,126,302,256|,126,300,1|,122,77,68|,122,248,234|,124,290,234|,126,302,260,68|,126,300,184,234|,126,298,132,136|,122,77,261,256|,122,248,185,1|
,96,14,228|,181,182,3|,96,47,131,3|,181,178,231,228|,277,280,186,36|,96,47,231,228|,96,16,240,228|,181,178,131,3|,181,301,43,36|,277,272,231,228|
,51,273,276,100|,51,179,180,100|,89,86,99,100|,51,46,97,100|,89,90,276,100|,89,21,22,100|,51,273,163,99,100|,89,86,162,276,100|,251,248,283,276,100|,51,59,62,180,100|
,96,14|,96,47,231|,98,154,233|,96,10,233|,98,148,8|,277,272,231|,96,16,240|,277,282,240|,181,176,8|,181,178,231|
,226|,224,86|,7,149|,224,90,163|,147,142,151|,224,193,159|,147,173,157|,209,200,149|,224,84,155|,209,202,151|
,121,126,300|,174,244,62|,174,248,185|,157,160,264|,157,99,181|,172,135,183|,157,148,177|,121,126,302,264|,121,122,244,62|,174,244,58,179|
,150,143|,156,172|,227,147|,150,203,206|,227,220,32|,99,23,26|,227,209,206|,87,225,147|,227,217,214|,87,21,26|
,59,64|,59,245,246|,50,251,246|,59,129,203|,213,67,64|,59,52,201|,213,218,246|,231,9,201|,213,214,207|,46,55,64|
,251,248|,251,219,239|,89,90,282|,89,82,235|,51,213,239|,51,273,282|,51,46,16|,51,231,241|,51,179,184|,251,219,13,16|
,251,123,124|,251,248,291|,89,21,289|,251,246,204,140|,89,90,282,291|,51,273,282,291|,251,175,121,124|,89,90,270,289|,89,92,29,289|,51,273,270,289|
,275,111,112,292|,275,282,242,292|,94,235,242,292|,94,0,295,292|,275,282,185,295,292|,275,272,179,295,292|,94,235,185,295,292|,94,0,184,242,292|,94,69,72,198,292|,275,276,105,112,292|
,130,46|,130,59,54|,299,302,258|,130,213,13|,134,215,13|,130,231,15|,3,229,15|,183,265,258|,183,178,46|,183,63,54|
,77|,195,73|,195,196,260|,248,236,71|,248,234,69|,219,216,75|,246,208,75|,244,56,71|,195,196,256,69|,195,192,225,75|
,205,65|,205,247,244|,263,258,55|,205,202,128|,263,264,63|,41,38,128|,205,200,53|,41,5,53|,205,247,219,67|,263,258,47,59|
,239,283,278|,239,234,137|,214,27,24|,214,135,132|,212,273,278|,212,131,132|,216,226,152|,191,281,278|,239,283,270,24|,239,291,288,24|
,125,122,250|,288,20,88|,290,249,250|,125,120,174,250|,288,271,272,50|,290,283,272,50|,141,205,247,250|,288,271,91,88|,288,28,93,88|,290,283,91,88|
,141,41,36|,290,240,228|,290,17,14,228|,125,126,43,36|,290,185,182,3|,125,126,298,3|,288,26,135,3|,288,24,133,3|,141,41,42,298,3|,141,205,200,8,228|
,193,194|,88,251|,193,73,76|,90,282,249|,86,156,174|,86,158,194|,225,209,247|,225,75,76|,82,69,76|,225,217,218|
,101,96,14|,101,96,10,233|,101,98,154,233|,101,96,16,240|,101,98,148,8|,101,277,282,240|,101,96,47,231|,101,277,272,231|,101,181,178,231|,101,181,184,240|
,110,280,171|,112,287,284|,108,266,171|,108,268,284|,110,272,59,60|,112,294,63,60|,104,96,55,60|,108,258,55,60|,110,272,48,44|,110,91,92,284|
,126,300,180,100|,165,107,104,100|,124,288,22,100|,120,157,99,100|,126,302,161,99,100|,165,107,110,276,100|,124,288,271,276,100|,124,290,283,276,100|,120,157,162,276,100|,120,172,27,22,100|
,222,80|,226,156,253|,226,162,255|,220,30,80|,224,90,255|,147,173,253|,222,19,271,255|,226,152,279,255|,220,57,79,80|,224,86,156,253|
,1|,265,256|,184,234|,265,260,68|,301,302,256|,295,243,234|,182,132,136|,184,236,71,68|,265,268,93,82|,301,302,260,68|
,269,303,298|,269,264,182|,286,294,182|,29,26,135|,29,24,133|,269,303,300,182|,269,264,178,131|,269,266,145,135|,286,294,178,131|,286,243,185,182|
,166,128,60|,35,57,60|,168,63,60|,166,143,144,171|,35,30,78,60|,168,178,48,44|,119,114,28,284|,166,203,65,60|,35,32,144,171|,168,178,59,60|
,35,32,173|,166,151,156|,166,143,173|,35,71,76,175|,119,114,26,173|,166,203,247,175|,35,57,245,175|,119,139,153,156|,168,301,127,120|,166,203,206,173|
,147,27|,224,21|,222,19|,224,92,29|,220,32,27|,224,90,270|,220,30,19|,209,206,27|,226,152,25|,226,162,270|
,286|,269,109,112|,269,197,198|,93,193,198|,269,264,295|,93,90,111,112|,284,61,62,295|,269,264,184,242|,269,260,72,198|,93,90,282,242|
,0,178|,0,63,58|,137,279,272|,0,182,130|,137,133,130|,257,258,47|,257,264,178|,95,275,272|,83,88,51|,83,90,272|
,55,60|,259,268,284|,259,266,171|,47,59,60|,47,48,44|,12,210,44|,12,67,60|,10,189,171|,12,191,171|,55,58,48,44|
,255|,163,156,253|,270,18,80|,163,227,222,80|,270,26,173,253|,272,59,79,80|,278,153,156,253|,278,25,18,80|,280,145,173,253|,276,23,18,80|
,110|,104,277|,104,98,162|,112,243,283|,104,23,271|,108,266,281|,108,161,162|,104,98,152,279|,112,199,159,162|,104,23,24,279|
,25,289|,279,282,291|,279,270,289|,138,114,289|,136,235,291|,25,271,282,291|,279,91,21,289|,136,83,21,289|,153,87,21,289|,279,276,23,289|
,151,160,109|,151,162,111|,151,99,105|,128,62,295,113|,151,162,276,105|,151,99,277,111|,151,158,196,109|,128,62,265,109|,128,58,273,111|,203,204,263,109|
,41|,205,202,39|,205,200,4|,263,303,43|,263,266,186|,205,206,142,39|,140,125,126,43|,263,161,150,39|,205,206,144,186|,205,65,52,4|
,49,59,64|,44,61,64|,211,218,246|,211,67,64|,211,216,209|,211,214,207|,49,59,245,246|,49,50,251,246|,44,61,245,246|,44,170,145,207|
,98,154|,96,10|,98,87,84|,96,14,232|,23,20,84|,277,280,188|,277,91,84|,277,163,154|,98,158,192,84|,96,16,240,232|
,27|,144,281,270|,33,30,19|,135,132,25|,146,222,19|,146,224,21|,144,281,276,23|,144,267,268,29|,33,57,79,19|,135,132,138,114|
,2,183|,2,299,300|,37,42,300|,2,130,179|,37,5,177|,229,241,185|,229,230,179|,229,9,177|,2,299,302,264|,37,42,302,264|
,298,134|,127,120,172|,302,266,145|,296,19,26|,296,31,32|,43,38,143|,296,223,147|,43,187,145|,300,182,134|,298,130,213,214|
,155,160|,189,267|,11,259|,155,158,196|,85,92,269|,85,193,196|,233,15,259|,85,86,160|,85,82,257|,189,190,13,259|
,247,250|,65,58,50|,65,245,250|,208,224,88|,247,195,192,88|,65,54,47,50|,208,226,87,88|,202,128,245,250|,247,244,58,50|,65,66,218,250|
,232,155|,9,149|,232,85,86|,9,6,226|,230,273,163|,241,283,163|,15,97,98|,15,259,161|,15,10,155|,232,85,193,159|
,249,123|,291,125|,249,175,121|,238,218,123|,185,301,127|,238,218,175,121|,238,67,245,123|,185,63,245,123|,283,111,106,164|,238,214,173,121|
,101,23,28|,101,23,20,92|,101,98,160,268|,101,98,87,92|,101,277,270,28|,101,277,91,92|,101,105,108,268|,101,105,112,287|,101,96,259,268|,101,181,295,287|
,252,174|,252,121,122|,254,282,249|,81,78,245|,252,157,158,194|,254,282,238,218|,254,163,158,194|,81,78,64,247|,81,297,127,122|,252,172,207,247|
,188|,281,163,154|,281,91,84|,267,258,10|,267,161,154|,190,13,10|,281,163,87,84|,281,91,86,154|,281,272,231,232|,267,258,14,232|
,286,292|,93,193,198,292|,269,109,112,292|,269,197,198,292|,269,264,295,292|,93,86,158,198,292|,284,61,62,295,292|,269,264,184,242,292|,269,161,158,198,292|,93,90,111,112,292|
,166,151|,119,139,153|,35,221,226|,168,265,161|,168,180,98|,168,176,149|,166,128,52,149|,119,139,279,163|,119,114,271,163|,35,221,224,86|
,174,250,51|,174,244,58|,172,215,212|,174,219,212|,172,135,130|,253,254,272|,157,162,272|,174,244,66,212|,172,215,210,49|,174,219,210,49|
,4,187|,53,60,170|,53,66,191|,201,206,144|,149,162,280|,149,160,266|,8,232,189|,149,154,189|,6,147,144|,6,217,191|
,102,168,301,127,165|,102,168,180,105,106|,117,114,22,105,106|,102,168,265,109,106|,117,114,271,111,106|,117,139,279,111,106|,102,168,295,113,106|,117,114,289,125,165|,102,168,301,302,109,106|,102,166,151,99,105,106|
,112|,110,282,242|,108,197,198|,108,268,286|,104,181,295|,108,264,295|,110,282,185,295|,110,163,158,198|,104,181,184,242|,104,277,282,242|
,248,240|,248,17,14|,246,200,8|,244,58,231|,244,52,8|,250,51,231|,244,54,14|,219,239,240|,219,212,231|,219,13,14|
,278,138,116|,270,115,116|,278,138,118,103|,278,25,115,116|,270,115,118,103|,270,24,138,116|,272,179,169,103|,163,152,138,116|,163,150,167,103|,276,181,169,103|
,272,131|,278,133|,272,179,182|,163,152,133|,276,181,182|,280,145,135|,270,24,133|,270,26,135|,282,185,182|,278,25,26,135|
,101,23,26|,101,98,150,143|,101,98,156,172|,101,277,270,26|,101,98,227,147|,101,277,280,145|,101,96,12,214|,101,181,182,134|,101,23,271,280,145|,101,98,150,203,206|
,177,169,103|,177,169,119,116|,201,202,167,103|,149,152,138,116|,149,150,167,103|,53,129,167,103|,53,56,34,103|,4,38,167,103|,53,62,169,103|,6,220,34,103|
,231|,46,14|,46,16,240|,59,52,8|,46,10,233|,59,54,14|,273,282,240|,213,13,14|,213,239,240|,179,184,240|
,137,25|,83,21|,137,279,270|,83,90,270|,95,275,270|,137,138,114|,83,92,29|,257,268,29|,235,283,270|,235,291,288|
,300,178|,298,130|,300,63,58|,298,183,178|,296,78,58|,300,182,130|,302,258,47|,302,264,178|,300,63,66,212|,298,183,63,58|
,166,203,204|,166,39,40|,168,265,262|,166,151,160,262|,168,63,64,204|,35,57,64,204|,166,128,64,204|,168,301,302,262|,35,71,261,262|,119,114,289,141|
,100|
,248|,219,239|,219,13,16|,195,198,243|,77,70,237|,77,68,235|,244,62,184|,244,56,237|,123,124,290|,244,66,239|
,132,279,111|,299,302,109|,130,273,111|,183,180,105|,183,295,113|,183,265,109|,132,279,276,105|,132,153,99,105|,299,300,180,105|,130,273,276,105|
,19|,80,254,270|,31,32,27|,223,224,21|,223,147,27|,80,254,278,25|,80,252,172,27|,31,34,119,114|,223,224,90,270|,78,58,273,270|
,205,247|,205,65,245|,140,290,249|,140,125,122|,263,197,194|,263,260,76|,205,65,66,218|,205,206,215,218|,140,290,238,218|,140,125,120,174|
,155,158,198,292|,11,16,242,292|,85,193,198,292|,85,92,286,292|,233,241,242,292|,155,160,109,112,292|,11,16,185,295,292|,11,259,109,112,292|,85,90,111,112,292|,233,241,185,295,292|
,155,156|,189,145,173|,85,86,156|,155,158,194,175|,189,281,255,252|,85,193,194,175|,233,241,249,175|,155,162,255,252|,189,281,163,156|,189,267,161,156|
,161,152,138|,268,29,115|,264,169,119|,256,137,138|,161,152,25,115|,161,162,270,115|,268,29,24,138|,268,93,21,115|,264,169,103,117|,264,180,23,115|
,89,225|,89,86,227|,51,213,216|,251,246,208|,251,77,74|,251,219,216|,89,86,148,6|,89,193,73,74|,51,213,214,146|,51,59,64,208|
,299|,183,301|,183,265,303|,130,179,301|,3,37,42|,183,63,79,297|,130,179,265,303|,130,59,79,297|,132,25,18,297|,183,176,4,42|
,51,59,129|,251,246,202|,251,244,129|,89,86,150|,51,59,64,202|,51,273,163,150|,251,246,65,129|,251,244,64,202|,251,195,159,150|,89,193,159,150|
,25,26,33|,25,18,31|,279,282,236|,153,227,220|,133,134,33|,138,118,35|,136,69,70|,136,235,236|,25,26,146,220|,25,18,78,56|
,62,295,292|,62,184,242,292|,60,285,286,292|,58,179,295,292|,245,195,198,292|,245,248,242,292|,56,237,242,292|,66,239,242,292|,54,16,242,292|,52,177,295,292|
,136|,279,274,94|,279,91,82|,153,160,256|,279,282,234|,153,87,82|,25,20,82|,133,183,1|,153,160,260,68|,279,282,185,1|
,269,303,127|,29,289,125|,269,262,140,125|,29,26,173,121|,284,61,245,123|,269,260,76,123|,29,18,297,127|,93,21,289,125|,269,197,194,123|,93,88,251,123|
,283,255|,249,175,253|,236,30,80|,283,163,156,253|,249,244,79,80|,236,57,79,80|,242,113,110,255|,283,270,18,80|,249,123,120,253|,236,221,222,80|
,34,119|,34,103,117|,32,27,115|,30,19,115|,32,27,24,138|,32,142,167,119|,30,19,24,138|,57,129,167,119|,32,135,132,138|,57,79,19,115|
,251,246|,251,244,64|,51,59,64|,89,225,209|,251,244,129,203|,251,77,74,209|,51,59,245,246|,51,213,218,246|,89,225,147,207|,89,86,150,203|
,157,160|,157,158,196|,172,144,267|,174,77,261|,174,195,196|,121,126,302|,157,158,73,261|,157,87,92,269|,172,142,151,160|,174,77,72,196|
,114,20,193|,139,153,158|,114,20,86,158|,114,271,163,158|,139,153,160,197|,139,279,91,193|,118,168,295,199|,114,271,91,193|,114,22,98,158|,139,153,87,193|
,223,226|,223,224,86|,31,221,226|,223,7,149|,297,302,161|,78,129,151|,78,52,149|,80,254,163|,80,252,157|,19,20,86|
,125,120,253|,290,283,255|,288,18,80|,288,271,255|,125,122,175,253|,290,249,175,253|,288,26,173,253|,125,126,296,80|,290,236,30,80|,288,20,90,255|
,155,160,303|,189,186,42|,189,267,303|,11,259,303|,155,160,264,301|,155,150,39,42|,189,267,264,301|,189,145,135,299|,11,259,264,301|,11,55,79,297|
,155|,85,86|,85,90,163|,233,9,149|,85,193,159|,11,97,98|,85,225,226|,11,259,161|,189,281,163|,189,267,161|
,5,6|,5,201,208|,38,203,208|,5,149,227|,38,151,227|,40,205,208|,38,143,146|,42,296,223|,187,145,146|,187,190,216|
,155,158|,85,193|,155,87,193|,85,86,158|,11,259,197|,155,160,197|,189,267,197|,85,86,160,197|,85,88,251,195|,11,259,161,158|
,28,286|,271,111,112|,271,282,242|,289,290,242|,22,105,112|,22,181,295|,20,193,198|,20,92,286|,28,269,197,198|,271,282,185,295|
,153,158|,153,87,193|,279,91,193|,153,160,197|,279,163,158|,25,20,193|,136,69,72|,136,83,193|,136,257,197|,279,91,86,158|
,35,237,240|,168,178,231|,168,184,240|,168,176,8|,35,237,17,14|,35,57,58,231|,168,178,46,14|,166,128,54,14|,168,184,17,14|,168,63,58,231|
,296,31|,296,78,56|,302,260,70|,296,223,220|,298,134,33|,300,63,56|,300,169,35|,300,184,236|,302,260,74,220|,302,197,73,70|
,49,179,169,103|,49,179,169,119,116|,49,59,129,167,103|,44,285,29,115,116|,49,59,56,34,103|,49,273,278,138,116|,44,61,129,167,103|,211,67,129,167,103|,49,59,62,169,103|,49,273,270,115,116|
,273,282,291|,273,270,289|,46,16,291|,213,239,291|,231,241,291|,179,184,291|,273,91,21,289|,46,97,23,289|,213,218,123,124|,231,15,16,291|
,78,66|,223,217|,78,58,213|,223,147,215|,31,57,66|,78,245,219|,31,32,215|,19,26,215|,78,54,12|,31,237,238|
,180,98|,265,161|,176,149|,180,277,163|,265,197,159|,176,6,226|,63,129,151|,63,52,149|,301,302,161|,178,273,163|
,285,29,115|,285,29,24,138|,285,93,21,115|,61,129,167,119|,61,56,34,119|,170,281,278,138|,61,79,19,115|,170,281,270,115|,170,145,27,115|,61,62,169,119|
,51,231|,51,46,14|,251,248,240|,89,84,233|,51,46,16,240|,51,59,52,8|,251,248,17,14|,251,244,58,231|,89,84,11,14|,89,86,148,8|
,139,136|,118,168,1|,114,20,82|,114,24,136|,139,153,160,256|,118,168,265,256|,118,35,71,68|,116,102,168,1|,114,271,274,94|,139,153,87,82|
,49,50|,211,218,250|,211,212,50|,49,59,245,250|,44,61,58,50|,211,67,245,250|,49,273,91,88|,44,61,245,250|,44,285,93,88|,211,67,58,50|
,208|,206,146|,200,6|,206,33,221|,200,149,227|,65,56,221|,206,215,216|,65,79,223|,247,77,74|,65,66,216|
,152,25|,99,23|,87,21|,162,270|,152,279,270|,99,277,270|,87,92,29|,162,278,25|,150,143,27|,152,138,114|
,270|,276,23|,278,25|,91,21|,278,138,114|,91,92,29|,163,99,23|,163,152,25|,255,81,19|,163,87,21|
,290,234|,290,185,1|,141,263,256|,288,24,136|,288,20,82|,290,185,265,256|,290,236,71,68|,141,263,260,68|,125,122,248,234|,288,28,269,256|
,293,287,29,26|,293,243,236,32|,293,243,238,214|,293,294,182,134|,293,287,269,266,145|,293,243,236,221,147|,293,243,238,191,145|,293,243,283,280,145|,293,294,63,64,206|,293,199,194,246,206|
,78,245|,78,64,247|,297,127,122|,78,66,218|,31,71,76|,31,57,245|,80,252,174|,31,237,249|,223,75,76|,223,209,247|
,80,254|,19,271|,19,24,279|,78,58,273|,19,22,277|,31,237,283|,19,20,90|,223,226,162|,223,224,90|,80,252,157,162|
,151|,203,200,149|,203,208,226|,128,52,149|,143,173,157|,143,146,226|,39,5,149|,203,200,6,226|,203,208,224,86|,203,247,195,159|
,205,65,60|,263,268,284|,263,266,171|,41,187,171|,205,247,244,60|,263,258,55,60|,41,38,128,60|,140,288,28,284|,205,202,128,60|,263,264,63,60|
,217|,147,215|,147,144,190|,75,76,219|,209,65,66|,209,247,219|,220,32,215|,209,206,215|,220,57,66|,222,78,66|
,299,302,197|,132,153,158|,183,265,197|,183,295,199|,299,302,260,72|,299,127,122,195|,132,153,160,197|,132,279,91,193|,183,265,260,72|,130,59,245,195|
,27,28|,27,20,92|,144,171,285|,144,267,268|,146,224,92|,27,271,91,92|,144,281,91,92|,146,224,21,28|,146,226,160,268|,207,65,60,285|
,293,199,159,152|,293,113,110,278|,293,287,29,24|,293,243,283,278|,293,243,234,137|,293,294,1,137|,293,294,182,132|,293,199,159,162,278|,293,199,73,68,137|,293,113,110,163,152|
,96,12|,96,55,66|,277,272,213|,96,47,213|,277,280,190|,98,227,217|,96,16,238|,277,282,238|,23,26,215|,181,63,66|
,296,19,20|,296,223,224|,302,197,192|,302,161,87|,300,1,83|,302,268,93|,302,256,83|,296,19,271,91|,296,223,226,87|,296,31,221,224|
,65,54,97|,65,62,180|,202,151,99|,206,27,22|,200,149,99|,200,177,180|,208,226,99|,65,58,273,276|,202,151,162,276|,202,128,54,97|
,107,108,258,14|,107,110,272,231|,164,122,248,240|,107,110,282,240|,107,104,96,14|,164,124,290,240|,107,112,243,240|,107,108,258,47,231|,107,108,161,154,233|,107,110,272,46,14|
,172,144|,172,215,191|,253,254,280|,174,219,191|,157,162,280|,157,160,266|,157,154,189|,172,142,39,187|,174,219,214,144|,174,195,196,266|
,107,110,163,148|,107,112,294,176|,164,122,244,52|,107,108,161,148|,164,122,246,200|,164,126,43,5|,107,108,264,176|,107,104,181,176|,164,126,300,176|,164,120,157,148|
,257,266|,69,261,266|,83,90,280|,83,84,189|,137,279,280|,95,275,280|,235,238,191|,235,283,280|,0,265,266|,257,161,162,280|
,122,244,56|,122,77,70|,124,290,236|,122,248,236|,120,172,33|,126,296,31|,122,244,79,31|,122,77,74,220|,124,288,26,33|,122,195,73,70|
,26,142|,26,207,202|,24,153,150|,22,98,150|,18,78,129|,20,86,150|,271,163,150|,115,118,166|,26,207,65,129|,26,33,57,129|
,101,98,160|,101,105,108|,101,96,259|,101,181,265|,101,98,158,196|,101,181,301,302|,101,277,163,160|,101,181,1,257|,101,277,111,108|,101,23,28,269|
,241,234|,241,185,1|,230,179,1|,232,85,82|,9,177,1|,15,259,256|,15,16,234|,241,185,265,256|,241,249,77,68|,230,179,265,256|
,141,41|,125,126,43|,141,205,202,39|,290,283,280,186|,141,205,200,4|,141,263,303,43|,290,238,191,186|,288,18,297,43|,141,263,266,186|,290,240,9,4|
,251,123|,251,175,121|,51,131,299,127|,251,248,291,125|,51,59,245,123|,89,86,156,121|,51,213,218,123|,89,193,194,123|,51,179,301,127|,89,21,289,125|
,63,54|,265,258|,178,46|,180,96|,184,17|,63,58,46|,178,59,54|,184,238,13|,295,243,17|,63,66,13|
,129|,64,202|,64,206,142|,245,246,202|,56,34,166|,56,32,142|,66,214,142|,52,201,202|,52,149,150|,62,169,166|
,118,166|,116,102,166|,139,153,150|,114,26,142|,118,35,57,129|,139,279,163,150|,114,26,207,202|,114,271,163,150|,118,35,32,142|,118,168,63,129|
,275,272,213|,275,280,190|,94,235,238|,275,282,238|,275,272,59,66|,275,280,145,215|,94,235,249,219|,94,69,76,219|,275,282,249,219|,275,163,227,217|
,155,150,167|,155,152,138,118|,85,225,220,34|,155,99,181,169|,85,86,150,167|,11,55,129,167|,155,160,264,169|,85,21,115,118|,11,55,56,34|,11,47,179,169|
,273,111,106|,273,276,105,106|,59,245,123,165|,50,251,123,165|,213,218,123,165|,46,259,109,106|,46,97,105,106|,179,301,127,165|,179,265,109,106|,131,299,127,165|
,293,294,182,3|,293,243,240,228|,293,294,178,231,228|,293,243,185,182,3|,293,294,178,131,3|,293,294,301,298,3|,293,243,17,14,228|,293,294,301,43,36|,293,294,176,4,36|,293,294,176,8,228|
,59,64,204|,46,259,262|,179,265,262|,59,245,246,204|,46,55,64,204|,179,63,64,204|,273,270,289,141|,59,129,39,40|,46,16,291,141|,179,301,302,262|
,35,30|,35,57,79|,119,114,18|,35,221,222|,166,128,79|,168,301,296|,168,63,79|,119,139,25,18|,35,71,74,222|,166,128,56,30|
,49,46,10|,49,231,232|,44,170,188|,211,13,10|,211,191,188|,49,46,14,232|,49,231,15,10|,49,273,163,154|,44,61,54,10|,211,13,14,232|
,269,264|,286,294|,269,303,300|,286,243,185|,284,61,62|,269,256,0|,93,82,0|,29,22,181|,269,303,298,183|,286,243,234,0|
,142,167|,33,34|,207,202,167|,27,115,118|,146,220,34|,135,183,169|,142,128,56,34|,33,57,129,167|,207,65,56,34|,27,115,116,102|
,293,199,194,250|,293,199,192,88|,293,287,93,88|,293,294,178,50|,293,243,249,250|,293,199,159,87,88|,293,287,29,20,88|,293,294,63,245,250|,293,243,283,272,50|,293,113,110,272,50|
,51,131|,51,179,182|,251,123,126,298|,51,179,301,298|,51,273,278,133|,251,246,206,135|,89,90,272,131|,51,59,62,182|,251,244,58,131|,89,90,278,133|
,159,148|,159,227,7|,73,74,7|,194,246,200|,194,244,52|,196,161,148|,196,264,176|,198,294,176|,192,86,148|,192,225,7|
,284,61|,29,18,78|,269,258,55|,269,264,63|,286,294,63|,284,45,49,59|,29,18,31,57|,29,26,207,65|,269,258,47,59|,269,264,178,59|
,155,160,262|,189,186,40|,189,267,262|,11,259,262|,155,158,196,262|,189,145,207,204|,11,55,64,204|,85,225,209,204|,155,150,203,204|,11,16,291,141|
,107,108,262|,164,124,141|,164,122,246,204|,164,126,302,262|,164,126,43,40|,107,108,303,43,40|,107,110,270,289,141|,164,122,195,196,262|,164,120,174,246,204|,164,126,300,265,262|
,52|,64,200|,62,176|,64,208,7|,245,246,200|,58,179,176|,58,231,9|,129,151,148|,129,203,200|,56,221,7|
,36,229|,5,8|,187,188,233|,36,2,130,231|,5,149,154,233|,187,188,11,14|,187,281,272,231|,42,298,130,231|,5,53,58,231|,187,281,282,240|
,75,68|,224,82|,75,261,256|,226,152,136|,226,160,256|,220,71,68|,226,87,82|,220,237,234|,217,239,234|,7,177,1|
,152,133|,150,143,135|,162,272,131|,162,278,133|,160,303,298|,160,264,182|,99,181,182|,156,172,135|,227,147,135|,148,177,182|
,55,79|,55,56,30|,47,59,79|,97,23,18|,259,303,296|,16,236,30|,12,67,79|,12,216,222|,55,56,221,222|,55,64,208,222|
,213,216|,213,214,146|,59,64,208|,59,56,221|,50,89,225|,59,79,223|,48,211,216|,59,66,216|,273,163,227|,59,52,6|
,104,98,227|,110,91,225|,110,163,227|,108,260,74|,108,161,227|,104,98,87,225|,104,23,20,225|,110,91,86,227|,110,163,87,225|,110,272,213,216|
,297,127,165|,297,302,109,106|,78,245,123,165|,80,254,111,106|,80,252,121,165|,19,289,125,165|,19,22,105,106|,19,271,111,106|,297,300,180,105,106|,78,245,175,121,165|
,189,186|,155,150,39|,155,148,4|,233,228,37|,233,9,4|,189,267,303,43|,155,162,280,186|,11,259,266,186|,189,267,262,41|,189,145,142,39|
,42,127|,40,140,125|,40,205,247,123|,38,128,245,123|,40,263,303,127|,38,203,247,123|,187,267,303,127|,38,151,156,121|,187,145,173,121|,5,53,245,123|
,130,59,245|,130,50,251|,299,127,122|,130,213,218|,134,207,247|,134,173,174|,183,63,245|,134,215,218|,183,184,249|,130,59,64,247|
,130,59|,183,63|,130,213,67|,183,178,59|,299,296,78|,130,46,55|,183,176,53|,299,300,63|,134,142,128|,130,179,63|
,275,278,138|,275,270,115|,94,137,138|,275,278,25,115|,275,270,24,138|,275,163,152,138|,94,137,25,115|,94,83,21,115|,275,276,23,115|,94,0,169,119|
,271,282|,289,290|,28,286,243|,26,33,237|,26,215,239|,18,31,237|,24,279,282|,24,136,235|,22,96,16|,22,277,282|
,64,208|,56,221|,79,223|,66,216|,52,6|,64,206,146|,56,71,74|,79,31,221|,66,214,146|,52,201,208|
,237|,32,215,239|,34,168,184|,57,245,248|,57,54,16|,71,68,235|,57,66,239|,71,76,248|,221,217,239|,57,62,184|
,288,28,284|,288,271,280,171|,141,205,65,60|,288,26,144,171|,141,263,268,284|,125,122,244,60|,288,20,92,284|,141,263,266,171|,141,41,187,171|,290,238,210,44|
,284|,269,266,171|,269,258,55,60|,286,294,63,60|,269,264,63,60|,93,90,280,171|,93,84,189,171|,29,18,78,60|,29,271,280,171|,29,26,144,171|
,44,61,129|,49,59,129|,211,214,142|,211,67,129|,44,61,64,202|,44,170,145,142|,49,59,64,202|,49,273,163,150|,211,214,207,202|,211,67,64,202|
,271,274|,24,136,95|,24,279,274|,22,277,274|,20,82,95|,20,90,274|,271,278,136,95|,24,153,162,274|,22,98,162,274|,28,269,256,95|
,227,222|,227,220,30|,156,253,81|,160,303,296|,162,255,81|,162,270,18|,150,128,79|,152,25,18|,148,6,222|,148,53,79|
,219,214|,246,206|,175,172|,219,191,145|,246,202,143|,244,129,143|,219,216,147|,246,208,147|,244,66,214|,77,70,32|
,54,97,100|,62,180,100|,58,273,276,100|,58,46,97,100|,129,151,99,100|,58,179,180,100|,79,19,22,100|,66,13,97,100|,52,149,99,100|,52,177,180,100|
,293,113,106|,293,243,249,123,165|,293,243,283,111,106|,293,199,196,109,106|,293,243,291,125,165|,293,199,194,123,165|,293,287,269,109,106|,293,294,301,127,165|,293,294,180,105,106|,293,294,265,109,106|
,19,20|,223,224|,19,271,91|,223,226,87|,80,254,91|,19,28,93|,31,221,224|,19,271,163,87|,223,226,162,91|,223,75,72,192|
,57,245|,71,76|,237,249|,57,64,247|,71,72,194|,237,238,218|,32,207,247|,57,66,218|,32,215,218|,30,78,245|
,113,110,280|,113,108,266|,199,196,266|,287,284,170|,287,269,266|,243,283,280|,243,238,191|,294,265,266|,113,104,277,280|,199,159,162,280|
,114,271,111|,114,22,105|,139,279,111|,114,271,276,105|,114,22,277,111|,114,28,286,113|,139,279,276,105|,139,153,160,109|,118,168,295,113|,114,28,269,109|
,218,175|,214,173|,218,123,120|,67,245,175|,191,145,173|,239,249,175|,216,226,156|,216,147,173|,214,207,247,175|,218,246,206,173|
,107,110,163,227|,107,110,91,225|,107,108,260,74|,164,122,77,74|,107,108,161,227|,107,104,98,227|,164,122,246,208|,164,126,296,223|,164,122,219,216|,164,120,157,227|
,141,205,200|,141,41,5|,290,240,9|,290,185,176|,141,205,65,52|,141,263,161,148|,288,271,163,148|,290,185,63,52|,290,283,163,148|,141,205,208,7|
,47,131|,47,179,182|,55,62,182|,55,58,131|,259,303,298|,259,264,182|,16,185,182|,97,181,182|,12,212,131|,12,214,135|
,293,287|,293,199,192,92|,293,199,196,268|,293,113,108,268|,293,294,265,268|,293,199,192,21,28|,293,199,159,87,92|,293,113,110,270,28|,293,294,63,60,285|,293,243,283,270,28|
,199,194|,243,249|,199,73,76|,243,238,218|,294,63,245|,294,184,249|,199,159,156,174|,243,238,67,245|,243,236,57,245|,294,63,64,247|
,199,73,74|,199,159,227|,287,93,225|,199,192,225|,243,236,221|,243,238,216|,294,176,6|,199,73,70,221|,199,159,87,225|,287,93,86,227|
,68|,261,256|,261,264,1|,72,192,82|,72,196,256|,76,248,234|,70,237,234|,74,224,82|,261,264,184,234|,261,303,300,1|
,256|,260,68|,264,1|,264,184,234|,197,73,68|,197,192,82|,161,152,136|,161,87,82|,303,300,1|,268,93,82|
,7,177|,7,53,62|,75,261,264|,75,68,0|,209,65,62|,209,200,177|,226,160,264|,226,99,181|,220,57,62|,226,148,177|
,243,238|,243,17,12|,199,194,219|,243,249,219|,294,178,213|,294,63,66|,294,184,238|,243,17,47,213|,199,194,244,66|,199,192,225,217|
,12,214|,12,191,145|,55,64,206|,12,216,147|,55,56,32|,47,213,214|,55,129,143|,47,131,134|,259,266,145|,55,66,214|
,29,22|,29,271,276|,93,90,276|,93,21,22|,269,258,97|,93,86,99|,269,161,99|,286,113,104|,269,109,104|,286,294,180|
,293,287,284,45|,293,243,238,210|,293,294,178,48|,293,243,238,212,48|,293,243,249,219,210|,293,294,178,213,210|,293,294,63,60,45|,293,199,194,219,210|,293,243,283,272,48|,293,294,63,58,48|
,293,243,291|,293,287,29,289|,293,294,184,291|,293,243,249,123,124|,293,287,93,21,289|,293,294,301,127,124|,293,199,196,262,140|,293,243,283,270,289|,293,287,269,262,140|,293,294,180,23,289|
,67|,218,244|,212,59|,13,55|,218,246,65|,212,46,55|,13,47,59|,191,171,61|,212,179,63|,210,49,59|
,227,75|,158,73|,160,260|,227,220,71|,158,194,77|,160,197,73|,152,136,69|,158,196,260|,160,256,69|,87,225,75|
,62,1|,62,265,256|,245,77,68|,62,184,234|,245,248,234|,58,179,1|,56,71,68|,56,237,234|,54,259,256|,54,16,234|
,211,216,75|,211,218,77|,211,216,220,71|,44,61,56,71|,211,218,195,73|,211,214,33,71|,44,61,245,77|,44,285,269,260|,49,213,216,75|,211,214,146,75|
,118,168,178|,139,279,272|,139,133,130|,114,271,272|,118,168,63,58|,118,166,128,58|,139,133,183,178|,139,153,162,272|,114,26,215,212|,116,102,168,178|
,122|,120,174|,124,290,249|,120,172,215,218|,124,290,238,218|,124,141,205,247|,126,296,78,245|,120,172,207,247|,120,157,158,194|,126,302,260,76|
,102,168,301|,102,168,265,303|,102,166,39,42|,117,114,18,297|,102,168,182,299|,102,35,30,297|,117,118,168,301|,117,139,133,299|,102,166,151,160,303|,117,114,289,125,126|
,288,115|,288,24,138|,290,236,34,119|,288,271,278,138|,290,185,169,119|,290,283,278,138|,290,283,270,115|,290,234,137,138|,290,236,34,103,117|,290,236,32,27,115|
,49,46|,211,13|,49,59,54|,211,67,54|,44,61,54|,49,213,13|,211,212,46|,49,231,15|,211,239,17|,49,59,66,13|
,36|,5,8,228|,42,298,3|,5,177,182,3|,42,300,182,3|,38,143,135,3|,187,188,233,228|,187,145,135,3|,5,8,230,131,3|,42,298,130,231,228|
,81,78|,81,31,57|,252,174,244|,254,272,59|,81,297,300,63|,252,174,246,65|,252,121,122,244|,254,272,213,67|,254,280,171,61|,81,223,209,65|
,293,243,291,141|,293,287,269,262|,293,199,196,262|,293,113,108,262|,293,294,265,262|,293,243,17,259,262|,293,287,29,289,141|,293,199,73,261,262|,293,294,184,291,141|,293,243,234,257,262|
,120|,122,175|,122,195,159,156|,124,288,26,173|,122,246,206,173|,124,290,249,175|,126,302,161,156|,122,219,214,173|,126,296,80,252|,126,298,134,173|
,167,168,295|,128,62,295|,151,158,198|,167,168,184,242|,167,35,237,242|,128,62,184,242|,128,52,177,295|,151,99,105,112|,39,5,177,295|,128,66,239,242|
,160,256|,152,136|,87,82|,160,260,68|,162,274,94|,160,264,1|,162,282,234|,158,196,256|,162,278,136|,158,73,68|
,101,98|,101,277,163|,101,277,91,86|,101,96,10,155|,101,277,278,153|,101,96,259,161|,101,23,20,86|,101,23,24,153|,101,105,108,161|,101,23,271,163|
,112,287|,108,268|,110,270,28|,110,91,92|,104,23,28|,112,199,196,268|,108,266,171,285|,110,270,20,92|,110,91,21,28|,110,280,267,268|
,170,281|,285,29,271|,285,93,90|,45,49,273|,61,58,273|,170,190,239,283|,285,29,24,279|,285,93,21,271|,285,286,243,283|,45,211,239,283|
,198|,196,109,112|,196,268,286|,194,248,242|,196,264,295|,192,92,286|,194,248,185,295|,194,244,62,295|,196,264,184,242|,196,303,300,295|
,110,272|,104,96,47|,104,277,272|,108,264,178|,104,181,178|,108,258,47|,112,294,178|,110,91,88,51|,104,96,55,58|,108,264,63,58|
,230|,15,47|,15,55,58|,241,283,272|,15,12,212|,241,238,212|,232,11,47|,241,17,47|,9,53,58|,241,185,178|
,26,207|,26,142,203|,18,78,64|,26,146,209|,18,223,209|,20,225,209|,289,141,205|,26,142,128,64|,18,78,129,203|,26,146,7,201|
,168,180|,119,114,22|,166,151,99|,168,295,113,104|,119,114,271,276|,119,139,279,276|,166,151,162,276|,166,128,54,97|,103,117,114,22|,168,265,161,99|
,261|,72,196|,68,257|,72,159,160|,68,0,265|,76,195,196|,74,226,160|,72,192,92,269|,68,0,301,302|,68,83,92,269|
,143|,203,206|,203,208,147|,151,156,172|,151,227,147|,128,64,206|,128,56,32|,167,35,32|,128,66,214|,39,187,145|
,12,216|,12,214,146|,16,236,221|,16,238,216|,97,98,227|,47,213,216|,55,79,223|,55,66,216|,259,260,74|,55,56,221|
,98,87|,277,91|,23,20|,98,162,91|,277,163,87|,23,271,91|,105,110,91|,98,158,192|,277,270,20|,23,28,93|
,126,298,132|,120,157,152|,124,288,24|,126,296,19,24|,120,157,162,278|,120,172,27,24|,124,288,271,278|,124,290,283,278|,122,195,159,152|,126,302,161,152|
,235,242|,0,295|,235,185,295|,0,184,242|,257,109,112|,257,197,198|,69,72,198|,257,268,286|,83,92,286|,257,264,295|
,246,204|,248,291,141|,244,64,204|,77,261,262|,195,196,262|,123,124,141|,246,202,39,40|,248,17,259,262|,244,129,39,40|,77,72,196,262|
,170,281,278|,285,29,24|,170,281,163,152|,170,267,161,152|,285,29,115,139|,285,269,161,152|,61,58,273,278|,170,281,270,24|,170,267,256,137|,170,145,27,24|
,260,74|,161,227|,260,70,221|,161,87,225|,258,12,216|,161,148,6|,268,93,225|,303,296,223|,262,205,208|,197,192,225|
,149,87|,6,224|,149,162,91|,6,226,87|,201,208,224|,149,158,192|,8,232,85|,149,154,85|,177,1,83|,149,227,224|
,258,16|,264,184|,256,235|,258,14,241|,264,295,243|,256,0,184|,268,286,243|,258,12,239|,264,1,235|,262,140,290|
,290,17|,290,238,13|,141,263,258|,290,240,15|,288,22,96|,290,238,67,54|,141,205,65,54|,290,240,230,46|,290,283,272,46|,288,271,272,46|
,286,243|,286,294,184|,29,271,282|,29,289,290|,93,82,235|,93,90,282|,269,258,16|,269,256,235|,269,264,184|,286,294,1,235|
,29,18|,269,303,296|,284,61,79|,93,21,18|,93,225,222|,29,271,255,81|,269,161,227,222|,284,61,56,30|,286,294,63,79|,93,225,220,30|
,206,144|,206,215,191|,202,39,187|,202,143,144|,204,263,266|,204,41,187|,65,66,191|,65,60,170|,247,219,191|,208,147,144|
,120,157,150|,120,172,142|,122,244,129|,122,246,202|,126,43,38|,120,172,207,202|,120,174,244,129|,122,244,64,202|,122,246,65,129|,122,175,157,150|
,194|,73,76|,192,88,251|,159,156,174|,196,260,76|,198,243,249|,73,70,237,249|,192,86,156,174|,159,156,121,122|,159,87,88,251|
,294,301,43|,294,176,4|,113,108,266,186|,294,265,266,186|,113,108,303,43|,113,110,280,186|,199,159,150,39|,294,265,303,43|,294,63,129,39|,113,108,262,41|
,241,249|,241,238,218|,230,50,251|,230,59,245|,15,55,245|,230,213,218|,15,16,249|,9,201,247|,15,12,218|,9,53,245|
,65,54,97,100|,65,62,180,100|,202,151,99,100|,206,27,22,100|,200,149,99,100|,200,177,180,100|,208,226,99,100|,65,58,273,276,100|,202,151,162,276,100|,202,128,54,97,100|
,101,98,156|,101,277,255,252|,101,277,163,156|,101,23,26,173|,101,98,158,194,175|,101,277,280,145,173|,101,23,271,163,156|,101,105,110,163,156|,101,98,162,255,252|,101,277,278,153,156|
,288|,290,283,270|,290,283,278,25|,290,236,32,27|,125,120,172,27|,290,283,91,21|,290,236,30,19|,290,238,214,27|,125,126,296,19|,141,263,268,29|
,207,204|,144,267,262|,144,186,40|,142,203,204|,142,39,40|,27,289,141|,146,209,204|,207,202,39,40|,142,151,160,262|,27,28,269,262|
,303,43|,262,41|,266,186|,161,148,4|,161,150,39|,264,301,43|,264,176,4|,303,300,176,4|,262,205,200,4|,266,145,142,39|
,19,22|,19,271,276|,78,62,180|,78,54,97|,80,254,276|,297,300,180|,223,226,99|,19,271,163,99|,19,24,153,99|,78,58,273,276|
,200,8|,247,248,240|,65,58,231|,65,52,8|,208,7,8|,65,54,14|,200,149,154,233|,247,248,17,14|,247,244,58,231|,65,58,46,14|
,74,7|,74,209,200|,72,159,148|,74,226,148|,76,244,52|,76,246,200|,261,161,148|,261,264,176|,70,57,52|,70,221,7|
,183,176|,183,63,52|,130,59,52|,130,231,9|,299,43,5|,130,179,176|,299,300,176|,134,207,200|,134,146,7|,132,153,148|
,114,22|,114,271,276|,118,168,180|,139,153,99|,139,279,276|,139,25,22|,114,271,163,99|,114,20,86,99|,118,166,151,99|,139,153,162,276|
,168,295|,168,184,242|,35,237,242|,168,180,105,112|,35,237,185,295|,35,71,72,198|,166,151,158,198|,168,265,197,198|,35,57,62,295|,166,128,62,295|
,194,244|,194,246,65|,73,70,57|,194,219,67|,73,76,244|,159,150,128|,159,148,53|,198,294,63|,196,258,55|,196,264,63|
,217,13|,217,67,54|,209,65,54|,217,212,46|,220,237,17|,217,239,17|,220,57,54|,147,215,13|,224,84,11|,222,78,54|
,51,131,3|,51,231,228|,251,248,240,228|,51,46,14,228|,89,84,233,228|,51,179,182,3|,51,131,299,43,36|,51,231,9,4,36|,251,248,17,14,228|,251,244,58,131,3|
,137|,83,86,152|,83,21,24|,235,283,278|,83,90,278|,95,275,278|,257,161,152|,0,182,132|,83,86,162,278|,83,21,115,139|
,293,243,240|,293,243,17,14|,293,294,178,231|,293,294,184,240|,293,294,176,8|,293,243,17,47,231|,293,243,283,272,231|,293,294,178,46,14|,293,199,159,154,233|,293,294,184,17,14|
,201,247|,53,245|,201,65,245|,53,64,247|,149,158,194|,53,66,218|,149,156,174|,8,241,249|,6,209,247|,6,75,76|
,204,263,268|,65,60,285|,208,224,92|,206,27,28|,204,140,288,28|,65,79,19,28|,208,224,21,28|,208,75,261,268|,206,27,20,92|,206,146,224,92|
,296,19|,302,268,29|,127,124,288|,298,134,27|,298,132,25|,300,180,23|,296,80,254,270|,302,268,93,21|,302,161,162,270|,127,120,172,27|
,285,29,22,100|,61,54,97,100|,61,62,180,100|,170,281,276,100|,285,29,271,276,100|,285,269,161,99,100|,61,129,151,99,100|,170,281,163,99,100|,170,267,161,99,100|,45,49,46,97,100|
,191,267|,13,259|,218,195,196|,218,77,261|,67,54,259|,67,62,265|,212,179,265|,212,46,259|,239,17,259|,239,234,257|
,205,65,79|,205,208,222|,41,42,296|,140,288,18|,263,303,296|,205,65,56,30|,205,208,220,30|,205,206,27,18|,41,38,128,79|,140,290,236,30|
