0 32 40
32 0 24
1 21 30
21 1 14
2 6 4
6 2 1
2 37 47
37 2 7
2 38 1
38 2 0
3 23 11
23 3 6
3 36 88
36 3 0
3 38 12
38 3 4
3 39 7
39 3 7
4 11 34
11 4 3
4 12 24
12 4 52
4 14 69
14 4 9
4 22 89
22 4 0
4 25 6
25 4 13
4 46 3
46 4 17
5 11 2
11 5 30
5 25 24
25 5 21
5 29 7
29 5 10
6 1 48
1 6 100
6 19 100
19 6 65
6 24 55
24 6 29
6 49 69
49 6 12
7 30 0
30 7 100
8 3 17
3 8 26
8 7 100
7 8 13
8 40 18
40 8 17
9 2 26
2 9 18
9 3 16
3 9 2
9 5 70
5 9 70
9 8 100
8 9 17
9 30 7
30 9 64
9 32 6
32 9 27
9 35 17
35 9 98
9 36 43
36 9 6
10 0 20
0 10 89
10 5 2
5 10 45
10 34 52
34 10 13
10 37 56
37 10 18
10 42 68
42 10 18
11 9 37
9 11 98
11 43 19
43 11 83
12 0 16
0 12 40
12 23 97
23 12 11
12 27 9
27 12 42
12 40 9
40 12 9
12 45 91
45 12 2
12 46 11
46 12 46
13 0 18
0 13 100
14 3 6
3 14 57
14 27 8
27 14 0
14 41 0
41 14 0
15 29 100
29 15 12
16 14 100
14 16 0
16 28 100
28 16 4
16 44 0
44 16 86
16 45 13
45 16 4
16 48 23
48 16 100
17 4 1
4 17 5
17 15 100
15 17 81
17 29 10
29 17 6
18 31 11
31 18 100
18 42 0
42 18 17
18 47 17
47 18 13
18 49 4
49 18 69
19 9 54
9 19 0
21 8 69
8 21 19
21 22 19
22 21 3
21 25 18
25 21 3
22 0 28
0 22 42
22 17 12
17 22 1
24 47 7
47 24 8
25 19 6
19 25 0
25 33 1
33 25 88
25 37 100
37 25 16
27 2 9
2 27 20
27 19 60
19 27 12
27 22 22
22 27 26
27 23 30
23 27 11
27 31 99
31 27 16
27 34 6
34 27 51
27 44 16
44 27 95
27 45 10
45 27 30
28 18 23
18 28 4
29 19 1
19 29 10
29 32 13
32 29 12
30 33 8
33 30 1
31 25 47
25 31 0
31 42 12
42 31 17
32 2 3
2 32 1
32 8 40
8 32 3
32 14 9
14 32 14
32 21 14
21 32 0
32 39 8
39 32 7
33 6 8
6 33 15
33 23 32
23 33 31
33 36 4
36 33 8
34 12 75
12 34 21
34 42 21
42 34 100
34 44 45
44 34 51
34 48 69
48 34 13
35 2 18
2 35 61
35 19 2
19 35 52
35 24 60
24 35 17
35 25 1
25 35 25
35 37 52
37 35 100
36 7 8
7 36 12
36 8 19
8 36 30
36 25 3
25 36 18
36 37 2
37 36 6
36 42 22
42 36 8
37 5 100
5 37 11
37 11 15
11 37 26
37 12 6
12 37 1
37 27 16
27 37 16
38 1 5
1 38 66
38 8 87
8 38 0
38 23 62
23 38 11
39 0 38
0 39 16
39 5 37
5 39 10
39 36 78
36 39 70
39 38 2
38 39 1
39 48 18
48 39 52
42 9 41
9 42 26
42 35 92
35 42 27
42 39 13
39 42 18
42 40 31
40 42 14
43 31 32
31 43 0
43 45 96
45 43 27
44 0 19
0 44 26
44 3 16
3 44 10
44 10 61
10 44 10
44 24 0
24 44 8
44 32 16
32 44 51
44 33 1
33 44 31
44 46 10
46 44 100
45 4 5
4 45 39
45 8 28
8 45 5
45 13 72
13 45 31
45 14 93
14 45 19
45 22 5
22 45 18
45 33 4
33 45 1
45 39 4
39 45 11
46 30 6
30 46 0
46 48 26
48 46 7
47 4 15
4 47 9
47 39 1
39 47 32
48 20 18
20 48 11
48 32 2
32 48 4
49 11 30
11 49 6
49 21 6
21 49 38
49 32 40
32 49 6
49 44 0
44 49 10
