0 518 36
518 0 25
0 569 100
569 0 3
1 521 100
521 1 100
1 574 100
574 1 35
1 842 8
842 1 100
1 945 40
945 1 8
2 63 2
63 2 34
2 229 24
229 2 21
3 947 100
947 3 100
4 622 100
622 4 15
4 743 12
743 4 32
4 805 15
805 4 22
4 972 40
972 4 7
6 594 11
594 6 7
6 733 7
733 6 11
7 85 29
85 7 100
8 40 26
40 8 3
8 603 3
603 8 11
8 725 11
725 8 14
9 348 25
348 9 11
9 470 25
470 9 100
10 27 10
27 10 0
10 427 21
427 10 10
11 584 0
584 11 100
12 491 100
491 12 100
12 776 20
776 12 14
12 868 14
868 12 100
13 530 33
530 13 6
14 175 46
175 14 42
14 599 11
599 14 46
14 636 100
636 14 11
14 894 33
894 14 7
14 899 7
899 14 39
15 13 38
13 15 15
15 292 22
292 15 43
15 425 29
425 15 100
15 850 100
850 15 22
16 354 100
354 16 0
16 561 100
561 16 9
16 935 28
935 16 100
17 441 26
441 17 41
18 302 4
302 18 31
18 349 31
349 18 2
18 650 21
650 18 38
18 668 9
668 18 21
18 669 38
669 18 11
19 27 1
27 19 5
19 149 1
149 19 100
19 683 34
683 19 1
20 217 100
217 20 15
20 739 6
739 20 36
21 247 20
247 21 12
21 581 1
581 21 20
21 858 100
858 21 1
21 951 100
951 21 6
22 115 4
115 22 24
22 445 100
445 22 36
22 540 24
540 22 100
22 582 100
582 22 100
23 2 1
2 23 40
23 266 40
266 23 13
23 737 100
737 23 14
23 776 14
776 23 27
24 166 100
166 24 9
24 193 17
193 24 100
24 462 38
462 24 9
24 771 9
771 24 8
26 63 100
63 26 2
26 751 2
751 26 47
26 798 10
798 26 22
26 848 47
848 26 10
27 248 100
248 27 0
27 644 4
644 27 25
27 741 10
741 27 20
28 70 9
70 28 7
28 868 13
868 28 9
29 869 1
869 29 17
30 98 100
98 30 6
31 117 20
117 31 100
31 287 23
287 31 47
31 843 5
843 31 100
32 698 32
698 32 1
32 787 100
787 32 4
32 897 1
897 32 32
33 740 100
740 33 100
34 9 9
9 34 6
34 20 100
20 34 7
34 281 100
281 34 9
34 727 100
727 34 23
34 828 100
828 34 34
35 513 100
513 35 33
36 370 100
370 36 28
36 655 13
655 36 26
36 829 28
829 36 38
36 835 100
835 36 13
36 986 26
986 36 16
37 497 47
497 37 36
37 833 23
833 37 8
38 77 25
77 38 9
38 236 100
236 38 25
39 850 23
850 39 37
39 931 35
931 39 100
41 395 26
395 41 34
41 793 4
793 41 22
41 922 100
922 41 26
41 962 34
962 41 11
43 235 100
235 43 43
43 358 43
358 43 38
43 447 45
447 43 100
43 553 6
553 43 45
43 683 21
683 43 30
43 775 21
775 43 21
43 927 17
927 43 6
44 719 0
719 44 39
45 720 6
720 45 38
45 875 24
875 45 17
45 952 38
952 45 12
47 786 6
786 47 21
49 157 100
157 49 100
49 463 100
463 49 46
49 698 46
698 49 32
49 778 32
778 49 6
49 840 41
840 49 32
50 165 4
165 50 34
50 394 1
394 50 17
50 621 30
621 50 7
51 582 7
582 51 100
52 13 33
13 52 100
52 110 39
110 52 100
52 121 1
121 52 17
52 417 100
417 52 36
52 821 17
821 52 100
52 975 33
975 52 39
53 873 100
873 53 20
54 395 5
395 54 46
55 139 100
139 55 100
55 478 28
478 55 38
56 191 100
191 56 100
56 205 21
205 56 14
56 325 1
325 56 24
56 486 100
486 56 21
56 619 24
619 56 38
56 854 15
854 56 100
57 259 37
259 57 9
57 333 14
333 57 100
57 531 0
531 57 100
57 617 25
617 57 0
57 881 2
881 57 37
58 24 100
24 58 8
58 734 11
734 58 27
58 839 27
839 58 15
59 166 9
166 59 9
59 185 6
185 59 9
59 191 46
191 59 19
59 800 100
800 59 46
59 881 100
881 59 100
60 221 40
221 60 100
61 95 11
95 61 44
61 150 44
150 61 6
62 136 100
136 62 14
63 683 100
683 63 34
64 134 10
134 64 38
64 505 100
505 64 6
64 513 0
513 64 38
64 766 38
766 64 0
64 859 6
859 64 37
64 923 12
923 64 46
65 920 14
920 65 37
67 144 28
144 67 12
67 540 30
540 67 28
67 612 7
612 67 13
68 700 13
700 68 100
69 214 18
214 69 31
69 479 14
479 69 1
69 817 31
817 69 100
70 768 9
768 70 7
70 791 100
791 70 15
71 940 14
940 71 15
72 61 14
61 72 43
72 276 7
276 72 40
72 401 9
401 72 100
72 738 40
738 72 19
72 741 43
741 72 21
73 89 5
89 73 100
73 254 8
254 73 5
73 691 30
691 73 11
73 766 11
766 73 38
73 849 25
849 73 30
74 990 5
990 74 100
75 149 0
149 75 100
75 240 24
240 75 100
75 647 100
647 75 14
75 674 29
674 75 100
75 747 0
747 75 100
76 256 9
256 76 100
76 437 13
437 76 9
76 510 35
510 76 37
76 740 43
740 76 20
76 789 9
789 76 9
77 720 100
720 77 6
77 960 100
960 77 0
78 156 100
156 78 100
79 267 40
267 79 43
79 480 10
480 79 100
79 754 4
754 79 26
79 775 21
775 79 32
79 937 31
937 79 100
80 264 4
264 80 100
80 267 11
267 80 8
81 663 4
663 81 11
81 830 11
830 81 33
82 284 7
284 82 2
82 836 2
836 82 8
83 92 41
92 83 6
83 411 6
411 83 100
83 601 0
601 83 41
83 765 20
765 83 100
83 924 2
924 83 100
84 333 9
333 84 29
84 577 29
577 84 100
85 120 10
120 85 0
85 480 100
480 85 10
85 654 40
654 85 25
85 675 47
675 85 3
85 677 0
677 85 100
87 597 29
597 87 34
88 317 100
317 88 14
89 149 11
149 89 100
89 459 5
459 89 24
89 733 6
733 89 29
90 135 43
135 90 4
90 775 40
775 90 7
90 904 100
904 90 100
90 926 4
926 90 43
91 127 22
127 91 6
91 258 100
258 91 31
91 343 4
343 91 38
91 829 38
829 91 24
92 2 24
2 92 21
92 72 7
72 92 6
92 149 8
149 92 6
92 317 100
317 92 8
92 985 100
985 92 24
93 196 30
196 93 18
93 395 34
395 93 100
94 38 100
38 94 21
94 77 1
77 94 1
94 551 21
551 94 6
95 250 0
250 95 0
95 337 100
337 95 0
95 511 13
511 95 12
95 619 12
619 95 44
95 738 4
738 95 21
96 757 15
757 96 100
96 950 100
950 96 14
96 985 100
985 96 21
97 896 44
896 97 40
98 419 28
419 98 100
98 485 100
485 98 21
98 512 24
512 98 28
99 305 36
305 99 11
99 344 11
344 99 20
99 746 14
746 99 1
100 719 21
719 100 6
100 733 6
733 100 100
101 385 7
385 101 100
102 314 100
314 102 21
103 69 18
69 103 1
103 128 11
128 103 100
103 356 40
356 103 11
103 485 1
485 103 100
103 993 35
993 103 4
104 366 4
366 104 31
105 239 2
239 105 7
105 751 100
751 105 2
106 205 14
205 106 0
106 387 39
387 106 100
106 499 23
499 106 100
106 768 8
768 106 23
107 40 3
40 107 44
107 468 100
468 107 29
107 668 44
668 107 3
108 208 35
208 108 100
108 542 1
542 108 10
109 9 25
9 109 11
109 412 10
412 109 25
109 416 100
416 109 31
109 641 31
641 109 26
109 978 11
978 109 6
110 329 39
329 110 10
110 352 10
352 110 100
111 578 30
578 111 4
111 720 5
720 111 27
111 835 4
835 111 100
111 959 40
959 111 12
112 233 0
233 112 0
112 276 23
276 112 7
112 993 0
993 112 17
113 256 4
256 113 12
113 279 12
279 113 0
113 283 21
283 113 4
113 545 6
545 113 23
114 742 20
742 114 100
115 91 2
91 115 24
115 816 8
816 115 0
115 884 0
884 115 5
116 363 100
363 116 26
117 58 15
58 117 100
117 416 38
416 117 4
117 466 100
466 117 100
117 838 20
838 117 25
118 616 15
616 118 7
119 435 7
435 119 23
119 907 100
907 119 36
119 970 36
970 119 3
120 95 4
95 120 100
121 155 28
155 121 10
121 430 100
430 121 7
121 483 100
483 121 46
121 616 7
616 121 17
121 842 100
842 121 100
122 334 100
334 122 4
122 974 26
974 122 0
124 119 100
119 124 23
124 910 23
910 124 34
125 145 39
145 125 100
125 667 11
667 125 26
126 42 7
42 126 100
126 483 46
483 126 9
126 773 9
773 126 7
127 275 0
275 127 41
127 550 22
550 127 12
128 70 100
70 128 23
128 201 6
201 128 100
128 694 100
694 128 8
128 727 8
727 128 100
128 894 100
894 128 25
128 940 25
940 128 11
129 492 100
492 129 11
130 153 6
153 130 4
130 166 2
166 130 6
131 23 1
23 131 23
131 207 23
207 131 7
131 284 32
284 131 100
132 559 30
559 132 100
133 95 22
95 133 12
133 264 26
264 133 29
133 379 18
379 133 26
133 572 38
572 133 18
133 941 37
941 133 22
134 155 10
155 134 28
135 33 19
33 135 7
135 84 9
84 135 100
135 92 7
92 135 100
135 607 32
607 135 15
136 440 100
440 136 14
136 546 7
546 136 100
136 620 100
620 136 28
137 43 21
43 137 7
137 316 7
316 137 4
137 364 4
364 137 100
137 463 4
463 137 17
137 493 28
493 137 27
137 582 7
582 137 7
139 436 24
436 139 20
139 640 4
640 139 100
140 95 9
95 140 0
140 507 37
507 140 9
140 630 31
630 140 19
141 448 100
448 141 32
141 663 100
663 141 4
141 992 32
992 141 100
142 134 100
134 142 100
142 319 38
319 142 1
142 324 13
324 142 19
142 483 19
483 142 19
142 818 20
818 142 13
143 31 23
31 143 1
143 639 11
639 143 13
143 650 38
650 143 41
143 798 32
798 143 14
144 676 1
676 144 2
144 826 28
826 144 100
145 137 100
137 145 27
145 681 39
681 145 100
146 426 10
426 146 3
147 110 39
110 147 23
147 518 0
518 147 29
147 727 23
727 147 9
147 841 0
841 147 39
147 960 100
960 147 12
148 297 1
297 148 100
148 624 10
624 148 1
148 627 35
627 148 40
148 935 100
935 148 100
149 615 1
615 149 6
149 986 11
986 149 4
150 329 19
329 150 20
150 709 44
709 150 34
150 711 20
711 150 6
151 135 4
135 151 15
151 143 15
143 151 41
151 347 13
347 151 4
151 587 29
587 151 6
151 601 41
601 151 18
151 826 27
826 151 28
151 911 6
911 151 100
152 14 17
14 152 9
152 48 24
48 152 20
152 401 100
401 152 24
152 429 9
429 152 100
152 976 20
976 152 9
153 68 12
68 153 8
153 311 100
311 153 100
153 643 20
643 153 12
153 873 100
873 153 20
153 996 6
996 153 0
155 821 7
821 155 23
157 410 1
410 157 29
157 736 5
736 157 45
158 226 7
226 158 2
158 335 34
335 158 2
159 863 7
863 159 25
159 917 18
917 159 100
159 950 25
950 159 18
160 252 100
252 160 100
160 808 4
808 160 6
161 1 100
1 161 16
161 117 15
117 161 20
161 181 4
181 161 29
161 420 29
420 161 5
161 763 5
763 161 15
162 164 36
164 162 8
162 891 47
891 162 100
163 76 35
76 163 9
163 148 10
148 163 35
163 759 34
759 163 10
164 395 31
395 164 26
165 539 100
539 165 34
166 331 1
331 166 24
166 372 24
372 166 23
166 874 11
874 166 29
167 578 100
578 167 100
168 337 25
337 168 2
168 426 24
426 168 10
168 486 10
486 168 25
168 720 16
720 168 5
168 769 4
769 168 24
168 822 100
822 168 4
168 948 5
948 168 16
169 658 28
658 169 29
169 861 24
861 169 31
170 272 39
272 170 1
170 365 1
365 170 45
170 467 23
467 170 12
171 359 100
359 171 100
171 404 6
404 171 30
171 457 3
457 171 47
172 15 38
15 172 100
172 350 25
350 172 25
172 767 25
767 172 27
172 893 27
893 172 100
173 495 100
495 173 37
174 28 100
28 174 100
174 262 100
262 174 4
174 298 4
298 174 40
175 629 5
629 175 26
176 149 15
149 176 8
176 325 0
325 176 11
176 409 5
409 176 0
176 436 10
436 176 30
176 565 15
565 176 10
176 854 10
854 176 3
177 252 4
252 177 6
177 289 7
289 177 9
177 546 22
546 177 100
177 761 14
761 177 32
178 377 4
377 178 13
178 460 100
460 178 20
178 600 4
600 178 15
178 645 100
645 178 4
178 803 12
803 178 15
178 916 14
916 178 100
179 781 2
781 179 6
179 804 100
804 179 100
180 42 22
42 180 100
180 108 100
108 180 7
180 254 100
254 180 100
180 441 0
441 180 18
180 999 21
999 180 22
181 452 3
452 181 6
181 536 4
536 181 24
181 912 5
912 181 29
182 39 30
39 182 30
182 479 1
479 182 3
182 761 40
761 182 14
182 960 3
960 182 100
183 174 15
174 183 100
183 308 100
308 183 15
183 946 100
946 183 100
185 140 31
140 185 28
185 451 18
451 185 29
185 798 22
798 185 100
186 600 100
600 186 0
186 835 28
835 186 100
187 287 100
287 187 17
187 503 25
503 187 100
187 644 1
644 187 39
187 727 9
727 187 25
187 876 100
876 187 0
188 268 1
268 188 14
188 574 35
574 188 100
188 731 100
731 188 26
190 211 100
211 190 29
190 249 29
249 190 11
190 508 100
508 190 47
191 612 45
612 191 7
191 892 100
892 191 100
192 72 9
72 192 6
192 653 21
653 192 9
193 747 100
747 193 9
194 166 1
166 194 29
194 426 3
426 194 33
194 459 24
459 194 39
194 890 29
890 194 24
195 74 100
74 195 30
195 458 100
458 195 33
196 267 6
267 196 26
196 434 24
434 196 30
196 823 26
823 196 6
196 888 18
888 196 100
197 364 25
364 197 38
197 634 100
634 197 100
198 285 41
285 198 4
198 795 21
795 198 28
198 840 9
840 198 41
198 988 4
988 198 100
199 981 100
981 199 38
200 508 46
508 200 1
201 44 100
44 201 11
201 268 6
268 201 29
202 156 9
156 202 2
202 347 100
347 202 100
202 747 22
747 202 9
203 100 33
100 203 3
203 359 38
359 203 6
203 416 26
416 203 38
203 839 6
839 203 100
204 232 29
232 204 2
204 601 41
601 204 0
204 632 2
632 204 6
204 954 29
954 204 26
205 971 6
971 205 100
206 48 20
48 206 31
206 848 31
848 206 100
206 949 17
949 206 1
207 500 23
500 207 22
207 888 2
888 207 7
207 956 47
956 207 16
208 951 15
951 208 12
209 278 27
278 209 100
209 532 19
532 209 24
209 583 30
583 209 27
209 907 100
907 209 19
210 102 100
102 210 33
210 343 33
343 210 15
211 8 4
8 211 100
212 128 6
128 212 11
212 269 100
269 212 10
212 713 10
713 212 100
213 568 21
568 213 41
214 207 47
207 214 16
214 233 16
233 214 100
215 518 25
518 215 9
216 734 100
734 216 5
217 135 24
135 217 100
217 605 100
605 217 15
217 613 4
613 217 15
217 821 23
821 217 4
217 927 1
927 217 100
218 581 100
581 218 9
218 675 0
675 218 37
219 7 34
7 219 9
219 525 20
525 219 14
219 561 9
561 219 20
220 375 15
375 220 26
220 801 11
801 220 3
220 971 8
971 220 100
221 192 28
192 221 1
221 556 30
556 221 36
221 913 40
913 221 28
222 182 30
182 222 16
222 359 6
359 222 14
223 147 8
147 223 12
223 213 21
213 223 33
223 381 33
381 223 100
223 451 12
451 223 100
224 736 46
736 224 20
224 756 17
756 224 100
224 971 15
971 224 46
225 239 40
239 225 100
225 438 100
438 225 11
225 558 11
558 225 100
225 715 42
715 225 34
225 956 34
956 225 100
226 475 100
475 226 100
226 620 14
620 226 11
226 903 7
903 226 2
227 17 16
17 227 41
227 842 17
842 227 24
228 76 100
76 228 9
228 119 31
119 228 15
228 245 27
245 228 100
228 357 100
357 228 13
228 478 100
478 228 27
228 896 13
896 228 21
229 695 100
695 229 6
230 38 100
38 230 7
230 443 21
443 230 8
230 478 8
478 230 34
230 659 18
659 230 21
230 775 7
775 230 21
230 887 34
887 230 35
230 951 100
951 230 25
231 71 23
71 231 12
231 256 100
256 231 4
231 416 100
416 231 12
231 968 2
968 231 100
231 984 100
984 231 13
232 115 23
115 232 4
232 627 100
627 232 30
233 464 100
464 233 4
233 492 16
492 233 0
234 58 11
58 234 15
234 785 15
785 234 0
235 192 9
192 235 28
235 265 11
265 235 41
235 659 28
659 235 3
235 959 21
959 235 11
236 782 47
782 236 24
237 269 21
269 237 37
237 422 4
422 237 42
237 494 42
494 237 18
237 599 100
599 237 100
238 67 27
67 238 20
238 243 100
243 238 29
238 597 100
597 238 27
238 717 29
717 238 7
239 204 100
204 239 26
239 804 2
804 239 9
239 827 41
827 239 12
239 870 23
870 239 7
240 467 24
467 240 3
240 542 0
542 240 36
240 575 3
575 240 100
240 712 15
712 240 39
241 250 40
250 241 33
242 275 24
275 242 39
242 292 39
292 242 2
242 377 32
377 242 4
242 410 29
410 242 1
242 644 1
644 242 100
242 851 2
851 242 39
243 196 40
196 243 18
243 221 100
221 243 1
243 272 1
272 243 29
243 443 28
443 243 2
243 453 2
453 243 7
244 204 30
204 244 0
244 259 100
259 244 4
245 553 27
553 245 18
246 396 39
396 246 11
246 634 32
634 246 39
247 154 38
154 247 8
247 805 47
805 247 100
247 882 8
882 247 47
248 67 20
67 248 12
248 140 28
140 248 0
248 963 12
963 248 20
249 65 48
65 249 28
249 428 9
428 249 48
249 901 28
901 249 9
250 138 34
138 250 8
250 334 29
334 250 0
250 414 8
414 250 12
251 103 100
103 251 4
251 201 3
201 251 29
251 416 4
416 251 11
251 464 41
464 251 100
252 538 22
538 252 4
252 565 4
565 252 6
252 587 19
587 252 100
252 600 24
600 252 8
252 837 100
837 252 22
252 953 27
953 252 38
252 989 100
989 252 19
253 175 5
175 253 100
253 822 9
822 253 8
253 830 8
830 253 14
254 318 29
318 254 100
254 850 100
850 254 46
254 975 8
975 254 5
255 121 27
121 255 1
255 558 1
558 255 27
255 720 100
720 255 16
255 862 100
862 255 100
256 91 11
91 256 7
256 820 100
820 256 11
257 127 6
127 257 5
257 675 3
675 257 6
258 300 100
300 258 30
259 324 37
324 259 4
260 124 100
124 260 100
260 459 11
459 260 25
260 569 100
569 260 11
261 868 100
868 261 25
261 956 100
956 261 15
262 605 25
605 262 43
263 154 27
154 263 6
263 242 100
242 263 39
263 512 39
512 263 24
263 773 6
773 263 100
264 13 100
13 264 6
264 232 23
232 264 29
264 417 6
417 264 4
265 30 6
30 265 16
265 402 16
402 265 45
265 553 45
553 265 100
265 632 40
632 265 15
265 713 14
713 265 100
265 998 100
998 265 45
266 217 24
217 266 100
266 602 100
602 266 4
268 197 6
197 268 38
268 287 38
287 268 36
268 546 4
546 268 12
268 588 22
588 268 16
268 590 4
590 268 1
268 619 16
619 268 100
268 642 36
642 268 13
268 668 13
668 268 4
268 681 12
681 268 14
268 983 34
983 268 100
269 200 100
200 269 46
269 932 46
932 269 30
270 13 15
13 270 38
271 11 34
11 271 100
271 115 28
115 271 4
271 349 100
349 271 1
271 673 4
673 271 35
271 694 100
694 271 9
271 980 1
980 271 19
272 192 39
192 272 48
272 459 100
459 272 29
272 861 37
861 272 100
273 643 17
643 273 34
274 260 100
260 274 27
274 262 100
262 274 100
274 342 100
342 274 30
274 579 27
579 274 0
274 664 100
664 274 10
275 424 31
424 275 1
275 792 100
792 275 11
276 297 27
297 276 100
276 532 11
532 276 100
277 27 5
27 277 100
277 204 29
204 277 30
277 214 24
214 277 100
277 251 29
251 277 29
277 484 30
484 277 38
277 526 20
526 277 21
277 564 38
564 277 5
277 607 21
607 277 10
278 748 100
748 278 100
278 996 28
996 278 6
279 29 1
29 279 100
279 247 12
247 279 100
279 409 43
409 279 6
279 573 6
573 279 3
280 82 100
82 280 41
280 154 47
154 280 2
280 200 100
200 280 1
280 711 1
711 280 37
281 930 2
930 281 100
282 18 4
18 282 27
282 183 27
183 282 4
282 744 29
744 282 37
282 990 39
990 282 0
283 48 31
48 283 24
283 670 24
670 283 31
283 884 100
884 283 19
283 913 0
913 283 11
284 108 35
108 284 9
284 412 3
412 284 6
284 446 1
446 284 35
284 518 9
518 284 7
284 599 7
599 284 1
284 734 32
734 284 3
285 150 100
150 285 32
285 270 29
270 285 24
285 426 33
426 285 100
285 512 32
512 285 29
285 738 12
738 285 4
285 766 3
766 285 11
285 886 100
886 285 12
286 240 15
240 286 39
286 457 39
457 286 9
286 995 23
995 286 15
287 323 3
323 287 0
287 987 38
987 287 32
288 159 100
159 288 33
288 338 22
338 288 100
288 450 9
450 288 48
288 542 32
542 288 8
288 747 8
747 288 22
288 968 34
968 288 100
289 926 100
926 289 4
290 5 100
5 290 100
291 98 24
98 291 21
291 362 100
362 291 100
292 14 39
14 292 2
292 185 31
185 292 43
292 479 18
479 292 100
292 714 22
714 292 18
292 890 20
890 292 13
293 714 33
714 293 43
293 911 43
911 293 33
294 100 3
100 294 18
294 330 100
330 294 3
294 367 100
367 294 100
294 392 100
392 294 100
294 620 100
620 294 3
295 234 47
234 295 100
295 324 100
324 295 100
295 458 17
458 295 9
296 30 6
30 296 6
296 750 100
750 296 6
297 252 27
252 297 38
297 546 100
546 297 4
298 267 43
267 298 35
298 481 35
481 298 100
298 612 10
612 298 45
298 944 4
944 298 3
298 985 19
985 298 29
298 995 45
995 298 19
299 68 46
68 299 5
299 169 100
169 299 100
299 606 2
606 299 12
299 949 12
949 299 2
300 898 46
898 300 30
301 137 100
137 301 17
301 235 16
235 301 3
302 190 100
190 302 11
302 362 11
362 302 17
303 11 11
11 303 6
303 463 33
463 303 41
303 495 100
495 303 13
303 815 6
815 303 20
304 140 100
140 304 23
304 211 100
211 304 31
304 239 23
239 304 100
304 511 40
511 304 13
305 557 36
557 305 45
305 775 45
775 305 11
305 823 100
823 305 100
305 844 6
844 305 100
306 266 2
266 306 4
306 391 21
391 306 2
306 436 31
436 306 20
306 440 20
440 306 100
306 560 24
560 306 0
307 76 100
76 307 37
307 77 1
77 307 22
307 378 22
378 307 11
307 762 100
762 307 33
307 806 33
806 307 6
307 965 6
965 307 1
307 971 37
971 307 100
309 359 17
359 309 7
309 566 33
566 309 17
310 806 35
806 310 33
311 350 37
350 311 25
311 675 30
675 311 37
311 838 25
838 311 30
312 298 40
298 312 39
312 300 2
300 312 100
312 303 9
303 312 20
312 684 39
684 312 2
312 949 100
949 312 40
313 122 29
122 313 11
313 478 6
478 313 29
313 480 11
480 313 21
313 722 7
722 313 4
314 67 1
67 314 21
314 627 30
627 314 16
314 965 100
965 314 30
315 20 7
20 315 36
315 104 36
104 315 100
315 495 100
495 315 4
315 823 4
823 315 100
316 755 7
755 316 20
317 536 8
536 317 100
317 732 2
732 317 14
317 832 22
832 317 2
318 454 14
454 318 8
318 477 17
477 318 11
318 927 8
927 318 17
319 268 34
268 319 1
319 433 38
433 319 100
319 542 100
542 319 100
320 536 23
536 320 17
320 644 25
644 320 1
320 797 6
797 320 100
320 955 17
955 320 1
320 962 100
962 320 21
321 83 7
83 321 100
321 132 30
132 321 6
321 301 4
301 321 47
321 469 47
469 321 7
321 555 100
555 321 42
321 572 18
572 321 100
321 691 6
691 321 30
322 929 100
929 322 21
323 270 24
270 323 30
323 374 12
374 323 24
323 567 40
567 323 17
323 568 12
568 323 42
323 841 46
841 323 39
323 887 30
887 323 12
323 936 24
936 323 26
324 163 34
163 324 4
324 237 4
237 324 19
324 354 100
354 324 16
324 528 16
528 324 3
324 657 3
657 324 34
324 676 13
676 324 4
324 835 100
835 324 100
325 18 9
18 325 11
325 516 19
516 325 16
325 813 16
813 325 24
325 870 7
870 325 100
325 958 100
958 325 7
326 65 14
65 326 48
326 154 100
154 326 27
326 984 27
984 326 14
327 265 41
265 327 11
328 697 34
697 328 6
328 699 33
699 328 34
329 402 45
402 329 34
329 429 34
429 329 20
329 465 15
465 329 28
329 468 19
468 329 11
330 50 1
50 330 6
330 921 15
921 330 36
331 57 100
57 331 3
331 104 29
104 331 30
331 796 30
796 331 24
331 801 3
801 331 36
332 77 9
77 332 0
332 86 17
86 332 25
332 512 25
512 332 9
332 888 0
888 332 34
333 59 9
59 333 9
333 133 29
133 333 29
334 452 10
452 334 0
334 488 100
488 334 18
334 581 10
581 334 8
334 760 22
760 334 40
334 878 40
878 334 100
335 29 20
29 335 17
335 567 9
567 335 15
335 597 34
597 335 20
335 613 15
613 335 4
335 839 20
839 335 9
336 239 100
239 336 9
337 91 25
91 337 2
337 845 100
845 337 100
338 929 33
929 338 37
339 115 8
115 339 28
339 760 10
760 339 100
339 846 6
846 339 4
340 186 7
186 340 41
340 239 9
239 340 0
340 728 0
728 340 12
341 419 20
419 341 6
341 593 10
593 341 46
341 923 46
923 341 12
342 51 35
51 342 6
342 184 100
184 342 33
342 703 6
703 342 30
343 405 26
405 343 38
344 48 100
48 344 20
344 143 11
143 344 1
344 197 100
197 344 100
345 109 16
109 345 6
345 296 100
296 345 28
345 325 100
325 345 100
345 784 6
784 345 3
346 178 9
178 346 100
346 702 14
702 346 25
346 775 100
775 346 45
346 912 29
912 346 6
347 353 3
353 347 18
347 764 25
764 347 100
348 573 43
573 348 11
348 601 100
601 348 7
348 604 100
604 348 100
348 640 7
640 348 4
348 762 6
762 348 36
348 876 25
876 348 100
348 877 4
877 348 43
349 23 23
23 349 100
349 180 100
180 349 20
349 263 27
263 349 7
349 703 31
703 349 2
349 768 7
768 349 27
350 219 100
219 350 100
350 351 17
351 350 100
351 646 17
646 351 17
351 732 17
732 351 100
352 187 100
187 352 17
352 205 6
205 352 100
352 282 4
282 352 0
352 362 100
362 352 6
352 598 0
598 352 4
352 719 100
719 352 6
353 509 30
509 353 100
353 614 38
614 353 22
353 734 3
734 353 9
354 821 100
821 354 17
354 841 1
841 354 0
355 532 30
532 355 28
355 611 28
611 355 100
355 615 13
615 355 30
355 814 100
814 355 18
355 833 9
833 355 100
355 885 18
885 355 13
356 371 12
371 356 23
356 411 46
411 356 22
356 944 23
944 356 13
356 991 10
991 356 100
357 1 40
1 357 100
358 457 40
457 358 39
359 409 17
409 359 7
359 559 100
559 359 22
360 112 31
112 360 15
360 636 40
636 360 31
360 750 4
750 360 1
360 769 15
769 360 4
360 924 1
924 360 40
360 961 100
961 360 42
361 234 11
234 361 0
361 491 11
491 361 34
361 692 0
692 361 100
362 377 6
377 362 32
362 696 100
696 362 31
362 745 14
745 362 33
362 997 6
997 362 6
363 120 100
120 363 10
363 272 37
272 363 48
363 704 28
704 363 37
364 429 25
429 364 38
364 718 25
718 364 38
364 748 10
748 364 25
364 964 4
964 364 100
365 174 1
174 365 9
365 375 26
375 365 12
365 512 9
512 365 47
365 730 9
730 365 9
366 255 100
255 366 100
366 487 8
487 366 9
367 341 47
341 367 12
367 591 12
591 367 100
367 679 8
679 367 47
368 528 100
528 368 100
369 264 100
264 369 4
369 343 100
343 369 100
369 447 4
447 369 6
370 269 37
269 370 23
370 312 19
312 370 20
370 442 16
442 370 37
370 545 23
545 370 19
370 794 45
794 370 100
371 550 12
550 371 22
371 567 100
567 371 23
371 587 100
587 371 3
372 122 24
122 372 9
372 158 34
158 372 23
372 700 22
700 372 100
372 975 39
975 372 23
373 54 5
54 373 10
373 442 15
442 373 22
373 761 10
761 373 27
374 253 5
253 374 14
374 663 14
663 374 3
375 228 31
228 375 12
375 297 15
297 375 1
375 550 1
550 375 100
375 573 12
573 375 22
375 891 100
891 375 31
375 988 22
988 375 12
376 626 18
626 376 38
376 967 38
967 376 6
377 933 35
933 377 30
378 68 100
68 378 100
378 311 100
311 378 100
379 177 0
177 379 9
379 205 100
205 379 0
379 721 18
721 379 18
379 818 18
818 379 26
379 939 9
939 379 24
380 287 3
287 380 0
380 471 0
471 380 20
380 631 41
631 380 4
380 739 20
739 380 28
380 780 22
780 380 35
380 787 35
787 380 100
381 749 22
749 381 100
381 804 33
804 381 100
382 230 11
230 382 100
382 458 33
458 382 11
382 544 10
544 382 100
382 910 17
910 382 33
383 254 100
254 383 7
384 376 18
376 384 27
384 525 14
525 384 47
384 628 47
628 384 14
385 8 26
8 385 47
385 154 2
154 385 47
385 175 18
175 385 26
385 267 26
267 385 18
385 278 47
278 385 100
385 749 7
749 385 26
386 157 5
157 386 18
386 346 11
346 386 25
386 679 100
679 386 11
387 125 39
125 387 42
387 175 42
175 387 46
388 361 40
361 388 11
388 603 11
603 388 6
389 960 100
960 389 0
390 808 9
808 390 34
390 953 34
953 390 9
391 512 27
512 391 28
391 641 100
641 391 27
393 968 36
968 393 2
394 69 14
69 394 100
395 8 0
8 395 14
395 58 5
58 395 24
395 329 34
329 395 0
395 441 32
441 395 46
395 602 31
602 395 17
396 115 28
115 396 5
396 296 20
296 396 6
396 325 23
325 396 100
396 919 30
919 396 23
397 496 100
496 397 7
398 57 14
57 398 8
398 422 8
422 398 1
398 454 28
454 398 14
398 610 1
610 398 28
398 652 42
652 398 7
399 800 46
800 399 7
399 991 7
991 399 10
399 996 0
996 399 100
400 271 28
271 400 19
400 929 19
929 400 40
400 984 3
984 400 28
401 990 100
990 401 9
402 68 13
68 402 30
402 198 21
198 402 34
402 615 30
615 402 13
402 655 34
655 402 25
402 869 6
869 402 34
403 73 25
73 403 100
403 138 8
138 403 40
403 712 38
712 403 100
403 801 0
801 403 8
403 829 100
829 403 100
403 940 40
940 403 25
405 638 100
638 405 21
405 991 21
991 405 100
407 537 38
537 407 18
407 585 27
585 407 100
407 643 2
643 407 19
407 671 2
671 407 27
407 674 100
674 407 38
407 905 100
905 407 2
408 72 14
72 408 21
408 167 100
167 408 14
408 349 1
349 408 20
408 413 100
413 408 1
409 81 5
81 409 33
409 910 100
910 409 100
409 951 6
951 409 15
410 303 11
303 410 41
410 497 1
497 410 47
411 198 0
198 411 100
411 767 100
767 411 22
412 6 38
6 412 100
412 250 29
250 412 6
412 303 20
303 412 9
412 693 6
693 412 20
412 892 10
892 412 100
413 453 100
453 413 100
414 464 100
464 414 12
414 970 100
970 414 28
415 161 28
161 415 100
415 291 27
291 415 21
415 363 13
363 415 48
415 398 48
398 415 28
415 496 46
496 415 40
416 425 100
425 416 31
416 676 4
676 416 13
416 928 26
928 416 4
418 329 0
329 418 11
418 387 25
387 418 46
419 573 20
573 419 6
419 666 100
666 419 7
419 711 41
711 419 1
419 904 28
904 419 14
420 182 33
182 420 14
420 564 39
564 420 33
421 79 14
79 421 32
421 112 0
112 421 31
421 547 32
547 421 11
421 745 11
745 421 14
421 795 28
795 421 6
421 864 29
864 421 0
421 881 29
881 421 28
422 3 4
3 422 46
422 77 22
77 422 1
422 562 4
562 422 100
423 412 38
412 423 7
423 830 3
830 423 31
424 460 100
460 424 1
424 992 100
992 424 4
425 211 29
211 425 100
425 251 4
251 425 14
425 298 4
298 425 29
426 221 30
221 426 11
426 291 100
291 426 27
426 580 24
580 426 10
426 614 27
614 426 30
427 550 100
550 427 22
427 834 100
834 427 10
427 888 21
888 427 12
427 932 22
932 427 46
428 386 100
386 428 48
428 440 100
440 428 100
428 520 14
520 428 27
428 966 36
966 428 39
429 19 25
19 429 20
429 70 23
70 429 6
429 761 34
761 429 23
429 897 6
897 429 38
430 429 3
429 430 100
431 290 100
290 431 43
431 339 28
339 431 34
431 828 34
828 431 100
433 27 4
27 433 27
433 64 12
64 433 6
433 202 27
202 433 4
433 347 5
347 433 18
433 619 38
619 433 5
434 506 100
506 434 100
435 37 26
37 435 100
435 394 44
394 435 23
436 40 18
40 436 26
436 93 30
93 436 18
436 211 31
211 436 20
436 247 38
247 436 20
436 939 24
939 436 38
437 316 13
316 437 9
437 396 30
396 437 6
437 444 27
444 437 30
437 954 34
954 437 9
438 141 100
141 438 100
438 967 13
967 438 100
439 191 15
191 439 12
439 281 2
281 439 15
439 653 11
653 439 46
439 885 5
885 439 18
439 969 12
969 439 25
440 35 24
35 440 6
440 177 22
177 440 32
440 560 5
560 440 100
440 599 100
599 440 11
440 731 20
731 440 14
440 912 100
912 440 5
441 127 0
127 441 41
441 679 26
679 441 22
442 61 100
61 442 42
442 282 16
282 442 37
442 502 15
502 442 100
442 762 30
762 442 46
442 902 42
902 442 100
442 930 32
930 442 22
443 216 21
216 443 4
443 491 28
491 443 8
443 730 20
730 443 24
443 925 4
925 443 100
444 313 7
313 444 4
444 653 4
653 444 8
444 706 19
706 444 7
444 985 100
985 444 28
444 988 28
988 444 100
445 11 22
11 445 11
445 186 41
186 445 100
445 194 1
194 445 33
445 318 100
318 445 1
445 338 33
338 445 22
445 552 11
552 445 100
446 954 100
954 446 48
447 109 32
109 447 7
447 551 7
551 447 40
447 567 17
567 447 9
447 857 6
857 447 6
448 280 33
280 448 37
449 330 17
330 449 1
449 335 2
335 449 17
449 804 3
804 449 2
450 533 22
533 450 16
450 565 10
565 450 4
450 586 9
586 450 33
450 628 100
628 450 100
450 784 100
784 450 100
450 890 4
890 450 48
451 157 18
157 451 27
451 350 27
350 451 29
451 468 100
468 451 26
451 853 23
853 451 29
451 937 12
937 451 6
452 24 10
24 452 100
453 140 15
140 453 41
453 284 2
284 453 7
453 983 100
983 453 24
454 671 28
671 454 8
455 11 0
11 455 34
455 50 4
50 455 3
455 95 0
95 455 9
456 188 35
188 456 26
456 281 15
281 456 45
456 468 26
468 456 15
456 557 45
557 456 35
457 400 3
400 457 100
457 616 3
616 457 47
457 755 100
755 457 38
457 779 38
779 457 29
457 924 40
924 457 17
458 40 27
40 458 3
458 95 13
95 458 11
458 162 100
162 458 8
458 198 35
198 458 27
458 394 10
394 458 35
458 428 14
428 458 9
458 920 3
920 458 100
459 185 22
185 459 29
459 642 37
642 459 22
459 820 11
820 459 6
460 30 16
30 460 20
460 79 10
79 460 1
460 229 21
229 460 10
461 73 100
73 461 38
462 357 40
357 462 17
462 513 38
513 462 9
462 710 100
710 462 33
463 227 100
227 463 41
463 379 33
379 463 46
463 657 4
657 463 100
463 854 22
854 463 10
463 886 12
886 463 46
464 67 12
67 464 12
464 856 16
856 464 6
465 513 33
513 465 0
465 596 100
596 465 28
465 680 0
680 465 7
465 932 7
932 465 33
466 371 3
371 466 100
467 123 100
123 467 3
467 613 9
613 467 44
467 664 16
664 467 40
468 140 41
140 468 15
468 633 19
633 468 29
469 169 100
169 469 7
469 806 7
806 469 35
470 560 100
560 470 24
471 377 100
377 471 100
471 489 38
489 471 36
471 605 6
605 471 6
472 3 46
3 472 100
472 140 37
140 472 19
472 442 30
442 472 46
472 741 19
741 472 43
472 980 43
980 472 100
473 355 100
355 473 100
473 811 40
811 473 38
473 951 38
951 473 36
474 250 33
250 474 30
474 617 13
617 474 33
474 684 30
684 474 22
474 980 100
980 474 43
475 38 7
38 475 9
475 583 10
583 475 100
475 612 9
612 475 3
475 956 3
956 475 34
476 76 9
76 476 20
476 249 28
249 476 9
476 752 20
752 476 28
477 708 100
708 477 2
479 160 100
160 479 100
479 280 100
280 479 3
479 695 14
695 479 3
480 640 11
640 480 21
481 183 15
183 481 100
482 240 0
240 482 100
482 734 10
734 482 44
482 794 100
794 482 23
483 467 12
467 483 23
483 591 23
591 483 12
483 795 19
795 483 7
483 873 100
873 483 9
484 83 0
83 484 18
484 196 18
196 484 30
484 251 100
251 484 11
484 410 30
410 484 14
484 848 14
848 484 47
486 279 39
279 486 3
486 522 3
522 486 39
486 527 0
527 486 9
486 805 29
805 486 14
486 951 9
951 486 0
487 183 27
183 487 9
487 509 8
509 487 100
487 998 100
998 487 100
488 81 100
81 488 6
488 394 9
394 488 18
488 572 100
572 488 38
488 670 18
670 488 100
488 710 38
710 488 14
488 736 31
736 488 9
488 960 6
960 488 3
489 301 18
301 489 23
489 703 38
703 489 100
489 747 41
747 489 18
489 968 23
968 489 36
490 22 4
22 490 36
490 105 28
105 490 21
490 925 36
925 490 12
490 935 25
935 490 28
491 80 11
80 491 8
491 567 44
567 491 39
491 789 39
789 491 17
492 323 100
323 492 17
492 893 0
893 492 11
493 107 28
107 493 31
493 296 100
296 493 100
493 449 33
449 493 1
493 750 28
750 493 100
494 223 8
223 494 100
494 588 100
588 494 3
494 726 42
726 494 100
494 999 39
999 494 16
495 230 18
230 495 4
495 896 33
896 495 13
495 992 27
992 495 37
496 17 6
17 496 16
496 345 16
345 496 6
496 775 100
775 496 40
497 700 4
700 497 4
498 215 22
215 498 9
498 618 12
618 498 100
498 630 100
630 498 100
498 879 30
879 498 22
499 677 37
677 499 1
500 13 23
13 500 10
500 142 38
142 500 100
500 224 12
224 500 0
500 259 8
259 500 100
500 432 100
432 500 100
500 458 10
458 500 38
500 474 32
474 500 22
500 604 0
604 500 8
501 53 100
53 501 22
501 463 22
463 501 100
501 518 7
518 501 45
501 668 15
668 501 100
501 831 45
831 501 15
502 119 15
119 502 31
502 197 100
197 502 6
502 238 0
238 502 7
502 527 17
527 502 30
503 194 100
194 503 15
503 418 25
418 503 11
503 444 19
444 503 100
503 618 11
618 503 12
503 841 24
841 503 18
504 269 10
269 504 32
504 552 1
552 504 9
504 627 42
627 504 24
504 673 11
673 504 1
504 684 24
684 504 10
504 742 4
742 504 100
504 871 2
871 504 4
505 531 29
531 505 100
505 992 37
992 505 32
506 282 11
282 506 28
507 14 9
14 507 100
507 249 9
249 507 9
507 366 31
366 507 9
507 531 100
531 507 100
508 14 33
14 508 39
508 379 46
379 508 33
508 660 38
660 508 47
509 116 24
116 509 0
509 280 40
280 509 0
509 356 46
356 509 40
509 365 45
365 509 46
509 608 0
608 509 24
510 140 23
140 510 16
510 377 13
377 510 100
510 590 16
590 510 6
510 755 100
755 510 13
511 340 100
340 511 12
512 97 32
97 512 100
512 502 0
502 512 6
512 600 25
600 512 28
512 605 27
605 512 28
513 99 3
99 513 1
513 336 47
336 513 100
513 361 100
361 513 5
513 374 5
374 513 100
514 110 100
110 514 39
514 984 1
984 514 27
515 445 100
445 515 5
515 776 0
776 515 100
515 995 19
995 515 100
516 554 100
554 516 16
517 121 8
121 517 27
517 570 7
570 517 100
517 666 100
666 517 100
517 987 39
987 517 7
518 53 36
53 518 100
518 559 32
559 518 29
518 866 29
866 518 7
519 257 3
257 519 100
519 288 34
288 519 33
519 649 9
649 519 100
520 135 27
135 520 100
520 444 14
444 520 27
521 181 3
181 521 100
521 189 35
189 521 100
521 702 2
702 521 3
522 37 23
37 522 12
522 394 3
394 522 100
522 508 100
508 522 22
522 764 12
764 522 39
522 887 22
887 522 100
523 244 100
244 523 100
524 915 100
915 524 100
524 979 25
979 524 100
525 278 100
278 525 47
525 375 100
375 525 100
525 936 37
936 525 2
526 70 6
70 526 21
527 615 17
615 527 9
528 874 8
874 528 100
528 950 42
950 528 8
529 300 46
300 529 17
529 706 17
706 529 46
530 328 33
328 530 33
530 365 26
365 530 12
530 471 100
471 530 36
530 605 15
605 530 0
530 637 30
637 530 6
531 239 100
239 531 40
532 89 11
89 532 24
532 241 30
241 532 33
532 676 33
676 532 100
533 647 43
647 533 100
534 218 0
218 534 9
534 411 32
411 534 100
534 827 9
827 534 41
535 224 29
224 535 100
535 639 13
639 535 100
535 689 6
689 535 25
535 724 100
724 535 13
535 773 40
773 535 6
536 178 4
178 536 17
536 231 23
231 536 12
536 249 12
249 536 100
537 223 35
223 537 37
537 859 37
859 537 100
538 4 100
4 538 32
538 678 30
678 538 11
538 951 11
951 538 100
538 994 100
994 538 4
539 143 100
143 539 14
539 689 16
689 539 34
540 367 30
367 540 100
540 440 24
440 540 6
540 855 16
855 540 28
541 25 100
25 541 20
541 432 20
432 541 100
542 655 0
655 542 36
543 213 33
213 543 100
543 832 2
832 543 33
544 122 9
122 544 36
544 991 12
991 544 7
545 137 4
137 545 19
546 381 7
381 546 12
547 407 100
407 547 19
548 369 11
369 548 100
548 451 100
451 548 26
548 643 26
643 548 11
548 764 39
764 548 14
549 283 9
283 549 21
549 786 21
786 549 100
549 928 4
928 549 9
551 148 35
148 551 40
551 485 21
485 551 30
551 638 13
638 551 6
551 749 3
749 551 25
551 847 30
847 551 3
552 189 100
189 552 100
552 665 11
665 552 9
554 215 100
215 554 37
554 223 37
223 554 25
554 444 100
444 554 8
554 816 25
816 554 16
555 334 10
334 555 18
555 822 3
822 555 26
555 921 28
921 555 100
555 990 18
990 555 100
556 599 32
599 556 36
557 169 7
169 557 100
557 197 39
197 557 0
557 832 20
832 557 100
557 860 36
860 557 20
558 4 40
4 558 100
558 50 35
50 558 17
558 469 1
469 558 35
559 106 8
106 559 8
559 406 32
406 559 8
559 880 24
880 559 26
559 953 4
953 559 24
560 54 5
54 560 46
560 725 46
725 560 0
562 283 4
283 562 19
563 418 19
418 563 10
563 510 20
510 563 6
563 625 20
625 563 100
563 635 6
635 563 19
563 643 11
643 563 20
563 655 10
655 563 100
563 664 10
664 563 10
565 711 37
711 565 41
566 106 39
106 566 0
566 184 33
184 566 100
566 308 3
308 566 100
566 350 25
350 566 3
566 813 30
813 566 16
567 46 40
46 567 9
567 920 44
920 567 11
567 987 6
987 567 39
568 360 100
360 568 42
568 579 100
579 568 41
568 738 21
738 568 100
569 340 100
340 569 100
569 805 14
805 569 15
569 947 0
947 569 3
570 404 100
404 570 6
570 959 11
959 570 48
571 49 41
49 571 46
572 508 38
508 572 11
572 667 38
667 572 13
573 18 43
18 573 100
573 303 11
303 573 11
573 356 12
356 573 37
573 533 43
533 573 22
573 740 20
740 573 43
575 143 23
143 575 100
575 235 39
235 575 41
576 515 0
515 576 5
576 630 100
630 576 0
576 726 28
726 576 30
576 900 22
900 576 100
576 932 30
932 576 22
576 938 100
938 576 100
576 986 5
986 576 28
577 66 100
66 577 41
577 239 41
239 577 26
577 389 11
389 577 47
577 558 26
558 577 11
577 751 22
751 577 100
578 79 21
79 578 14
578 248 28
248 578 100
578 413 3
413 578 4
578 448 30
448 578 100
579 27 27
27 579 1
579 604 6
604 579 0
579 847 1
847 579 100
580 30 100
30 580 10
581 1 16
1 581 100
581 224 11
224 581 16
581 232 10
232 581 9
581 247 10
247 581 10
581 437 20
437 581 28
581 667 13
667 581 11
581 695 7
695 581 8
582 353 30
353 582 22
582 597 28
597 582 30
582 987 7
987 582 28
583 130 30
130 583 4
583 774 43
774 583 27
583 895 10
895 583 43
584 100 100
100 584 33
584 754 0
754 584 4
584 777 12
777 584 31
585 19 34
19 585 100
585 631 100
631 585 100
585 867 27
867 585 39
585 966 39
966 585 30
586 95 100
95 586 11
586 799 11
799 586 21
586 985 21
985 586 27
587 0 9
0 587 3
587 164 31
164 587 35
587 267 35
267 587 100
587 328 29
328 587 6
587 368 100
368 587 6
587 614 6
614 587 38
587 700 38
700 587 100
587 974 19
974 587 26
588 46 9
46 588 40
589 47 27
47 589 100
589 763 31
763 589 27
589 908 42
908 589 100
589 934 7
934 589 31
590 373 100
373 590 22
590 816 7
816 590 1
590 827 4
827 590 7
591 996 7
996 591 28
592 99 100
99 592 19
592 597 13
597 592 100
592 643 19
643 592 0
593 115 2
115 593 28
593 296 28
296 593 46
593 358 38
358 593 100
593 727 100
727 593 8
593 932 10
932 593 100
594 329 41
329 594 39
594 684 39
684 594 11
594 788 11
788 594 41
594 803 15
803 594 12
595 158 7
158 595 100
595 773 100
773 595 7
596 7 9
7 596 34
596 68 8
68 596 46
596 122 26
122 596 8
596 138 34
138 596 26
597 642 13
642 597 20
598 114 0
114 598 100
598 264 23
264 598 1
598 301 23
301 598 4
598 539 2
539 598 14
598 750 1
750 598 100
599 581 7
581 599 1
599 736 9
736 599 46
599 839 32
839 599 9
600 520 27
520 600 8
600 647 100
647 600 15
601 245 29
245 601 18
601 955 31
955 601 29
602 166 9
166 602 23
602 679 38
679 602 4
602 956 43
956 602 17
603 13 15
13 603 14
603 99 14
99 603 15
603 203 33
203 603 6
603 551 13
551 603 100
603 873 11
873 603 39
603 907 36
907 603 13
604 235 9
235 604 39
604 714 6
714 604 22
605 345 6
345 605 28
605 458 100
458 605 8
605 629 8
629 605 6
605 760 6
760 605 1
605 788 25
788 605 45
605 791 34
791 605 41
606 169 28
169 606 100
606 374 2
374 606 100
606 380 22
380 606 28
607 108 100
108 607 10
607 517 43
517 607 100
607 942 21
942 607 3
608 105 100
105 608 39
608 275 39
275 608 24
608 590 46
590 608 16
609 61 36
61 609 100
609 293 36
293 609 6
609 907 31
907 609 36
609 918 6
918 609 31
610 506 11
506 610 28
610 566 30
566 610 0
610 807 0
807 610 100
611 149 1
149 611 15
611 270 15
270 611 38
611 493 28
493 611 1
612 449 3
449 612 100
612 627 40
627 612 3
612 666 10
666 612 40
612 868 9
868 612 13
613 111 30
111 613 12
613 124 22
124 613 46
613 559 22
559 613 2
613 728 28
728 613 22
613 779 100
779 613 0
613 791 9
791 613 22
613 806 9
806 613 100
614 30 100
30 614 6
614 748 6
748 614 22
615 192 1
192 615 6
615 591 17
591 615 6
615 620 18
620 615 9
616 793 22
793 616 17
617 362 6
362 617 33
617 412 25
412 617 0
617 618 15
618 617 6
618 176 15
176 618 30
618 467 16
467 618 6
618 763 100
763 618 16
618 956 30
956 618 3
619 8 100
8 619 5
619 551 100
551 619 25
620 233 18
233 620 0
620 398 14
398 620 28
621 131 100
131 621 7
621 583 10
583 621 10
622 50 13
50 622 14
622 356 17
356 622 13
622 395 34
395 622 17
622 816 14
816 622 48
623 144 11
144 623 4
623 473 40
473 623 44
623 507 4
507 623 11
623 690 44
690 623 40
624 176 10
176 624 3
624 249 11
249 624 1
624 435 26
435 624 100
624 613 44
613 624 2
624 754 26
754 624 100
624 889 0
889 624 11
624 973 3
973 624 26
625 544 10
544 625 10
625 564 20
564 625 33
625 963 33
963 625 7
626 208 100
208 626 35
626 520 8
520 626 33
626 527 33
527 626 100
626 643 35
643 626 2
627 528 42
528 627 16
627 780 35
780 627 24
628 398 28
398 628 100
628 878 47
878 628 14
629 179 8
179 629 6
629 619 38
619 629 12
629 637 12
637 629 38
630 110 23
110 630 18
630 266 24
266 630 23
630 411 4
411 630 32
630 518 32
518 630 0
630 600 0
600 630 24
630 747 18
747 630 0
631 82 41
82 631 8
631 969 8
969 631 4
632 182 40
182 632 30
632 586 33
586 632 27
632 841 2
841 632 6
632 866 27
866 632 26
633 350 100
350 633 100
634 428 32
428 634 39
635 122 34
122 635 32
636 97 40
97 636 20
637 411 100
411 637 6
637 417 10
417 637 27
637 572 100
572 637 5
637 913 10
913 637 10
638 181 13
181 638 6
638 205 0
205 638 21
640 321 11
321 640 19
640 414 7
414 640 28
640 477 11
477 640 17
640 502 17
502 640 11
640 503 19
503 640 100
640 752 28
752 640 21
641 278 28
278 641 27
641 938 31
938 641 2
642 432 100
432 642 20
643 83 2
83 643 0
643 266 4
266 643 2
643 332 17
332 643 34
643 724 26
724 643 4
644 44 100
44 644 39
644 626 3
626 644 2
644 822 100
822 644 3
645 7 29
7 645 4
645 183 12
183 645 27
645 600 27
600 645 27
645 637 10
637 645 30
645 720 27
720 645 29
645 878 10
878 645 12
646 45 100
45 646 17
646 204 100
204 646 0
646 357 17
357 646 100
646 853 29
853 646 1
647 222 43
222 647 14
647 844 16
844 647 15
648 247 10
247 648 10
649 315 100
315 649 100
649 804 9
804 649 3
649 961 100
961 649 38
650 41 21
41 650 7
650 267 7
267 650 6
652 404 30
404 652 22
652 512 47
512 652 39
652 555 42
555 652 30
652 767 22
767 652 6
653 96 15
96 653 8
653 144 1
144 653 11
653 166 11
166 653 46
653 517 8
517 653 43
653 977 4
977 653 15
654 389 40
389 654 0
654 764 100
764 654 25
655 280 100
280 655 100
655 282 34
282 655 36
656 441 100
441 656 32
657 475 4
475 657 34
657 988 100
988 657 100
658 905 1
905 658 29
659 50 3
50 659 7
659 119 7
119 659 3
660 31 43
31 660 47
660 409 7
409 660 43
660 458 38
458 660 100
660 469 45
469 660 47
660 482 28
482 660 46
660 960 46
960 660 7
661 135 19
135 661 27
661 581 20
581 661 28
662 447 32
447 662 100
662 482 100
482 662 37
662 647 16
647 662 5
662 658 33
658 662 3
662 714 43
714 662 33
662 734 5
734 662 32
663 39 14
39 663 30
663 201 19
201 663 3
663 546 100
546 663 44
664 185 43
185 664 6
664 250 41
250 664 100
664 310 16
310 664 33
664 389 6
389 664 40
664 575 100
575 664 41
664 830 33
830 664 8
665 74 100
74 665 9
665 804 11
804 665 100
666 945 10
945 666 40
667 478 38
478 667 100
667 976 100
976 667 26
668 32 38
32 668 4
668 352 100
352 668 10
668 564 33
564 668 38
669 99 28
99 669 20
669 134 38
134 669 28
669 143 32
143 669 13
669 396 28
396 669 39
669 446 20
446 669 11
669 562 13
562 669 32
670 584 24
584 670 31
670 838 100
838 670 100
671 65 28
65 671 100
671 559 2
559 671 8
671 605 0
605 671 27
673 39 9
39 673 100
673 239 0
239 673 9
673 334 4
334 673 29
673 563 11
563 673 0
673 615 30
615 673 35
673 969 9
969 673 1
674 87 29
87 674 2
674 139 24
139 674 20
674 387 30
387 674 11
674 687 20
687 674 30
675 192 0
192 675 9
675 252 100
252 675 100
675 573 11
573 675 37
675 844 47
844 675 6
676 41 44
41 676 11
676 52 33
52 676 36
676 318 36
318 676 35
676 343 15
343 676 2
677 406 41
406 677 1
677 503 100
503 677 15
677 605 100
605 677 41
678 104 30
104 678 29
678 241 40
241 678 11
678 663 100
663 678 44
678 881 100
881 678 40
678 977 29
977 678 100
679 494 8
494 679 22
679 674 38
674 679 11
679 909 100
909 679 4
680 256 37
256 680 9
681 2 2
2 681 1
681 724 39
724 681 24
681 792 23
792 681 2
682 286 22
286 682 1
682 837 2
837 682 22
682 941 1
941 682 2
683 381 3
381 683 6
683 418 6
418 683 19
683 724 100
724 683 4
684 166 100
166 684 2
684 494 39
494 684 16
684 554 100
554 684 22
684 557 39
557 684 0
684 803 0
803 684 25
685 214 47
214 685 100
685 577 100
577 685 100
685 674 24
674 685 100
685 816 100
816 685 100
686 2 40
2 686 1
686 286 21
286 686 100
686 491 100
491 686 28
687 43 20
43 687 30
687 397 100
397 687 100
688 59 6
59 688 19
688 124 100
124 688 100
688 632 33
632 688 100
688 663 19
663 688 33
689 103 100
103 689 28
689 336 24
336 689 34
689 434 6
434 689 24
689 600 28
600 689 25
689 872 16
872 689 100
690 97 44
97 690 40
691 68 30
68 691 19
691 281 19
281 691 100
691 339 6
339 691 28
691 592 28
592 691 100
692 135 41
135 692 24
693 333 6
333 693 14
694 203 6
203 694 9
694 354 1
354 694 17
694 863 36
863 694 7
695 503 14
503 695 18
696 271 34
271 696 9
697 121 6
121 697 10
697 223 100
223 697 0
697 425 100
425 697 14
697 516 10
516 697 6
697 680 7
680 697 100
697 763 14
763 697 7
698 74 30
74 698 1
698 471 6
471 698 6
698 837 46
837 698 6
699 97 20
97 699 40
699 223 34
223 699 35
699 243 40
243 699 20
699 887 100
887 699 34
699 932 33
932 699 10
699 978 10
978 699 13
700 675 28
675 700 100
701 227 17
227 701 100
701 777 11
777 701 25
701 860 100
860 701 100
701 970 11
970 701 100
702 167 14
167 702 25
702 414 100
414 702 7
702 703 2
703 702 2
703 39 100
39 703 37
703 216 37
216 703 100
703 897 38
897 703 2
704 374 3
374 704 2
704 455 0
455 704 3
705 24 17
24 705 34
705 116 23
116 705 100
705 501 100
501 705 36
705 796 41
796 705 30
705 853 36
853 705 23
705 916 30
916 705 17
706 118 21
118 706 7
706 295 17
295 706 28
706 431 28
431 706 43
706 613 100
613 706 46
707 277 24
277 707 46
707 299 46
299 707 26
707 790 100
790 707 100
707 819 26
819 707 24
707 986 100
986 707 100
708 295 47
295 708 100
708 697 100
697 708 0
708 807 0
807 708 47
709 14 2
14 709 17
709 220 44
220 709 26
709 486 28
486 709 25
710 35 100
35 710 33
710 467 9
467 710 24
710 664 38
664 710 8
711 30 20
30 711 6
711 563 100
563 711 26
713 17 34
17 713 100
713 251 14
251 713 34
714 447 6
447 714 40
714 772 4
772 714 18
715 10 42
10 715 100
715 28 17
28 715 100
715 138 100
138 715 34
716 113 100
113 716 0
716 405 0
405 716 26
716 624 26
624 716 2
716 777 31
777 716 0
717 909 44
909 717 7
718 117 4
117 718 100
718 443 2
443 718 24
719 197 0
197 719 39
719 306 21
306 719 0
720 47 6
47 720 21
720 356 22
356 720 25
720 370 37
370 720 22
720 459 25
459 720 6
720 911 21
911 720 29
721 440 100
440 721 11
722 172 100
172 722 100
723 79 31
79 723 100
724 196 26
196 724 30
724 251 100
251 724 4
724 292 39
292 724 1
724 313 6
313 724 13
724 492 30
492 724 6
724 853 1
853 724 23
725 423 27
423 725 31
725 482 46
482 725 28
725 539 31
539 725 27
725 995 11
995 725 45
726 47 100
47 726 100
726 555 28
555 726 19
726 723 100
723 726 30
727 192 100
192 727 39
727 245 39
245 727 29
728 211 4
211 728 100
728 700 28
700 728 22
729 28 13
28 729 17
729 282 36
282 729 4
729 601 46
601 729 28
729 830 31
830 729 6
729 924 17
924 729 100
730 261 7
261 730 15
730 661 20
661 730 7
731 534 32
534 731 33
731 999 3
999 731 26
732 283 2
283 732 5
732 793 17
793 732 14
732 920 9
920 732 3
732 968 3
968 732 9
733 285 7
285 733 41
733 426 11
426 733 6
733 536 24
536 733 29
734 10 10
10 734 42
734 193 11
193 734 9
736 237 21
237 736 37
736 781 100
781 736 9
736 838 30
838 736 20
736 892 27
892 736 21
736 954 9
954 736 29
737 86 25
86 737 14
737 161 100
161 737 16
737 230 6
230 737 100
737 464 16
464 737 6
737 966 4
966 737 9
738 186 28
186 738 9
738 478 27
478 738 28
738 642 100
642 738 19
739 266 13
266 739 4
739 293 6
293 739 36
739 962 100
962 739 34
739 968 4
968 739 100
740 27 36
27 740 20
740 74 5
74 740 12
740 285 3
285 740 24
740 381 12
381 740 36
740 621 20
621 740 5
740 734 100
734 740 100
740 950 24
950 740 3
741 299 100
299 741 100
741 342 100
342 741 34
741 888 34
888 741 21
742 22 24
22 742 24
743 588 9
588 743 100
744 502 24
502 744 30
744 506 100
506 744 8
744 653 8
653 744 24
744 914 29
914 744 100
745 199 100
199 745 33
745 396 11
396 745 100
746 35 14
35 746 27
746 904 27
904 746 28
747 57 8
57 747 9
747 280 0
280 747 2
747 507 31
507 747 37
747 680 37
680 747 9
748 467 6
467 748 40
749 37 42
37 749 26
749 232 100
232 749 39
749 233 25
233 749 100
749 420 39
420 749 29
749 505 22
505 749 42
749 718 7
718 749 25
749 926 100
926 749 25
750 229 28
229 750 6
751 124 22
124 751 34
751 242 29
242 751 3
751 336 34
336 751 24
751 731 3
731 751 33
751 782 24
782 751 47
752 91 100
91 752 22
752 268 22
268 752 21
753 66 44
66 753 100
753 74 9
74 753 100
753 366 8
366 753 4
753 535 29
535 753 21
753 728 4
728 753 9
754 254 100
254 754 46
755 589 7
589 755 13
755 736 30
736 755 5
755 847 5
847 755 4
756 954 100
954 756 29
758 542 100
542 758 100
759 628 28
628 759 100
759 879 27
879 759 10
759 919 100
919 759 27
760 230 22
230 760 100
760 364 10
364 760 38
760 636 100
636 760 40
760 975 17
975 760 8
761 840 32
840 761 9
761 879 10
879 761 27
762 50 30
50 762 13
762 275 10
275 762 100
762 426 6
426 762 10
762 527 30
527 762 33
762 863 25
863 762 36
763 236 47
236 763 24
763 283 5
283 763 11
763 651 31
651 763 7
763 856 14
856 763 16
764 437 27
437 764 100
764 603 33
603 764 39
764 647 12
647 764 14
764 788 45
788 764 0
765 310 20
310 765 100
765 897 34
897 765 4
767 258 25
258 767 27
767 703 30
703 767 6
767 744 100
744 767 30
768 198 9
198 768 0
768 384 18
384 768 27
768 824 9
824 768 18
768 833 8
833 768 9
768 922 30
922 768 28
769 395 32
395 769 24
769 443 20
443 769 100
769 565 6
565 769 15
769 733 11
733 769 100
769 780 15
780 769 6
770 67 100
67 770 100
770 482 42
482 770 44
770 569 100
569 770 15
770 717 44
717 770 100
771 46 100
46 771 100
771 157 1
157 771 100
771 430 7
430 771 7
771 947 7
947 771 8
772 352 4
352 772 100
772 464 4
464 772 100
772 785 0
785 772 18
772 791 100
791 772 100
773 111 40
111 773 33
773 159 33
159 773 100
773 435 100
435 773 7
773 915 6
915 773 6
774 235 100
235 774 16
774 681 100
681 774 1
774 808 1
808 774 100
774 940 21
940 774 40
775 169 35
169 775 100
775 572 38
572 775 13
775 656 13
656 775 35
775 663 11
663 775 100
776 161 100
161 776 20
776 408 20
408 776 100
776 695 3
695 776 9
777 49 1
49 777 0
777 325 12
325 777 1
777 387 11
387 777 25
778 448 32
448 778 37
778 482 37
482 778 100
779 251 100
251 779 29
779 570 38
570 779 6
779 655 35
655 779 10
779 903 100
903 779 35
779 967 6
967 779 0
780 62 100
62 780 100
780 122 100
122 780 24
780 977 15
977 780 100
781 103 18
103 781 9
781 399 17
399 781 18
781 409 2
409 781 17
781 784 3
784 781 48
781 815 48
815 781 6
781 941 100
941 781 3
782 407 28
407 782 18
782 411 0
411 782 4
782 563 100
563 782 0
782 591 18
591 782 28
782 594 7
594 782 11
782 788 100
788 782 7
782 893 11
893 782 27
783 133 37
133 783 45
783 200 100
200 783 25
783 496 100
496 783 32
783 697 45
697 783 37
784 380 100
380 784 2
784 979 100
979 784 100
785 344 32
344 785 1
785 904 1
904 785 48
785 933 48
933 785 32
785 940 15
940 785 38
786 70 21
70 786 15
786 118 15
118 786 21
786 477 100
477 786 2
787 117 100
117 787 4
787 362 17
362 787 31
788 13 32
13 788 100
788 42 40
42 788 0
788 101 100
101 788 100
789 183 9
183 789 27
789 742 100
742 789 4
789 776 27
776 789 9
789 834 100
834 789 100
790 692 41
692 790 24
790 796 24
796 790 41
791 402 100
402 791 25
791 410 11
410 791 14
791 490 25
490 791 100
791 695 14
695 791 18
792 539 27
539 792 2
793 87 2
87 793 14
793 153 4
153 793 8
793 622 100
622 793 100
795 61 100
61 795 6
795 383 21
383 795 7
795 526 19
526 795 21
795 940 100
940 795 100
796 879 100
879 796 9
798 100 18
100 798 14
798 109 7
109 798 32
798 475 10
475 798 34
798 731 32
731 798 100
798 957 34
957 798 20
799 286 11
286 799 21
799 587 9
587 799 100
799 912 100
912 799 9
799 944 100
944 799 39
800 83 2
83 800 7
800 694 100
694 800 2
801 248 100
248 801 25
801 295 11
295 801 100
801 601 25
601 801 46
801 608 46
608 801 100
801 709 34
709 801 100
801 897 2
897 801 1
802 33 19
33 802 8
802 197 25
197 802 38
802 976 8
976 802 19
803 512 0
512 803 6
803 829 1
829 803 25
804 80 4
80 804 100
804 111 33
111 804 4
804 420 11
420 804 100
805 215 10
215 805 22
805 340 7
340 805 41
805 387 44
387 805 100
805 394 18
394 805 44
805 580 47
580 805 24
806 91 7
91 806 6
806 116 17
116 806 23
806 491 9
491 806 17
807 312 100
312 807 100
807 934 0
934 807 47
808 187 1
187 808 0
808 204 0
204 808 6
808 268 4
268 808 1
808 760 1
760 808 100
808 901 9
901 808 34
809 509 100
509 809 8
810 325 19
325 810 0
810 462 40
462 810 19
810 718 2
718 810 24
810 933 32
933 810 100
811 897 100
897 811 38
812 24 34
24 812 9
812 424 100
424 812 31
812 583 31
583 812 6
812 619 100
619 812 16
813 68 5
68 813 100
813 455 0
455 813 100
814 78 100
78 814 23
814 329 100
329 814 28
814 398 28
398 814 6
814 522 23
522 814 100
815 16 28
16 815 100
815 178 100
178 815 20
815 282 30
282 815 11
815 632 15
632 815 30
815 653 100
653 815 28
815 757 48
757 815 15
816 42 8
42 816 7
816 187 14
187 816 0
816 496 7
496 816 16
816 797 25
797 816 48
816 834 10
834 816 100
817 17 31
17 817 34
817 78 23
78 817 18
818 368 6
368 818 100
818 441 18
441 818 45
818 660 45
660 818 6
819 72 6
72 819 19
819 84 100
84 819 11
819 186 100
186 819 7
819 688 19
688 819 100
819 859 26
859 819 6
819 920 11
920 819 19
820 222 100
222 820 100
821 41 7
41 821 100
821 174 9
174 821 15
822 41 4
41 822 22
822 244 22
244 822 4
822 340 9
340 822 12
822 422 4
422 822 100
822 541 100
541 822 8
822 711 12
711 822 26
823 160 100
160 823 6
823 818 100
818 823 20
825 42 100
42 825 6
825 203 9
203 825 3
825 320 25
320 825 1
825 386 48
386 825 25
825 588 3
588 825 40
825 652 6
652 825 6
826 42 29
42 826 100
826 157 27
157 826 29
826 569 14
569 826 100
827 936 100
936 827 12
828 607 43
607 828 32
828 875 30
875 828 100
829 108 1
108 829 0
829 671 0
671 829 25
829 987 28
987 829 100
830 430 3
430 830 100
830 434 11
434 830 6
831 277 20
277 831 10
831 885 45
885 831 5
832 440 22
440 832 33
833 220 11
220 833 3
833 275 41
275 833 10
833 329 15
329 833 41
833 567 23
567 833 11
834 218 100
218 834 100
834 394 17
394 834 1
834 817 100
817 834 1
834 936 100
936 834 100
835 363 28
363 835 13
835 943 100
943 835 39
836 737 16
737 836 100
836 797 100
797 836 100
837 207 2
207 837 22
837 441 46
441 837 22
838 584 100
584 838 100
839 273 5
273 839 34
839 420 27
420 839 35
839 521 35
521 839 100
839 596 32
596 839 100
839 623 100
623 839 9
839 831 20
831 839 5
840 81 4
81 840 5
840 244 43
244 840 22
840 427 5
427 840 100
840 495 29
495 840 43
841 56 100
56 841 38
841 231 2
231 841 39
841 653 1
653 841 6
842 787 17
787 842 31
842 841 100
841 842 24
842 861 31
861 842 37
843 426 100
426 843 11
843 446 11
446 843 48
843 733 100
733 843 6
844 25 20
25 844 17
844 43 100
43 844 20
844 874 15
874 844 7
844 970 2
970 844 28
844 993 17
993 844 15
846 257 6
257 846 5
846 262 25
262 846 100
846 380 2
380 846 4
846 733 24
733 846 6
846 851 6
851 846 2
847 282 1
282 847 16
847 345 30
345 847 100
847 944 3
944 847 4
848 585 14
585 848 100
849 9 25
9 849 7
849 911 7
911 849 30
850 287 23
287 850 32
850 741 10
741 850 100
850 878 32
878 850 10
850 905 2
905 850 32
851 249 100
249 851 12
851 499 37
499 851 1
851 514 1
514 851 27
851 736 27
736 851 37
851 981 6
981 851 31
852 15 8
15 852 0
852 147 0
147 852 20
852 208 20
208 852 8
852 492 100
492 852 100
853 122 36
122 853 0
853 231 4
231 853 12
853 232 3
232 853 4
853 492 0
492 853 17
854 308 15
308 854 3
855 38 31
38 855 100
855 359 16
359 855 22
855 602 100
602 855 31
855 673 9
673 855 29
855 738 100
738 855 9
856 440 33
440 856 100
857 33 8
33 857 19
857 814 6
814 857 6
857 896 4
896 857 100
858 244 30
244 858 0
858 828 43
828 858 100
859 184 100
184 859 18
859 798 18
798 859 32
860 267 36
267 860 11
860 739 13
739 860 20
861 289 9
289 861 7
861 923 100
923 861 100
861 951 7
951 861 31
862 140 16
140 862 100
862 768 7
768 862 100
863 263 7
263 863 100
863 398 45
398 863 7
863 725 14
725 863 28
863 794 23
794 863 45
863 912 28
912 863 23
864 529 5
529 864 100
864 902 33
902 864 5
865 135 9
135 865 100
865 215 100
215 865 25
865 524 25
524 865 9
866 177 100
177 866 0
866 222 0
222 866 16
866 381 100
381 866 7
866 905 29
905 866 0
867 29 31
29 867 100
867 187 31
187 867 39
867 361 100
361 867 40
867 493 27
493 867 31
867 955 27
955 867 31
868 226 14
226 868 11
868 298 43
298 868 17
868 439 11
439 868 25
868 596 17
596 868 43
869 9 6
9 869 46
869 273 17
273 869 100
869 949 2
949 869 17
870 292 100
292 870 17
870 911 100
911 870 17
870 939 17
939 870 9
870 942 17
942 870 33
871 60 40
60 871 4
871 415 100
415 871 40
872 216 7
216 872 37
872 312 100
312 872 48
872 540 16
540 872 6
873 194 15
194 873 39
873 718 4
718 873 15
873 976 9
976 873 20
874 122 11
122 874 29
874 565 100
565 874 41
874 624 0
624 874 7
874 901 41
901 874 0
875 130 100
130 875 100
875 538 30
538 875 32
876 625 100
625 876 0
877 342 34
342 877 33
877 875 4
875 877 34
877 942 33
942 877 17
878 86 100
86 878 14
878 208 32
208 878 12
878 389 47
389 878 100
878 810 40
810 878 100
879 75 0
75 879 100
879 340 30
340 879 7
879 412 7
412 879 9
880 109 10
109 880 26
880 113 6
113 880 10
880 760 100
760 880 38
881 505 29
505 881 22
881 768 100
768 881 28
881 800 22
800 881 40
881 844 2
844 881 47
882 208 8
208 882 13
882 339 34
339 882 100
882 502 11
502 882 24
883 13 100
13 883 32
883 986 100
986 883 5
884 215 25
215 884 19
884 413 0
413 884 5
884 557 7
557 884 100
884 695 8
695 884 25
884 982 100
982 884 7
885 495 43
495 885 29
885 536 100
536 885 100
885 913 29
913 885 40
886 372 34
372 886 23
886 548 23
548 886 14
886 756 100
756 886 29
887 261 30
261 887 7
887 288 9
288 887 35
887 410 1
410 887 12
887 550 22
550 887 1
888 68 19
68 888 12
888 228 2
228 888 100
888 485 100
485 888 19
889 834 17
834 889 100
890 157 29
157 890 45
890 180 20
180 890 7
890 214 7
214 890 24
890 316 100
316 890 13
890 933 45
933 890 48
891 473 26
473 891 36
891 679 47
679 891 26
891 921 36
921 891 9
891 928 9
928 891 100
892 320 6
320 892 21
892 960 27
960 892 6
894 142 20
142 894 19
894 146 29
146 894 33
894 328 33
328 894 29
894 525 37
525 894 20
894 535 40
535 894 25
895 170 23
170 895 12
895 410 12
410 895 30
895 474 13
474 895 43
895 544 12
544 895 32
895 798 10
798 895 20
895 810 32
810 895 23
896 102 33
102 896 21
896 216 4
216 896 7
896 954 100
954 896 40
897 154 6
154 897 38
897 329 45
329 897 34
897 835 34
835 897 4
898 282 29
282 898 30
898 886 46
886 898 29
900 922 22
922 900 1
901 208 32
208 901 20
901 505 20
505 901 32
901 616 47
616 901 3
901 716 3
716 901 0
901 739 28
739 901 34
901 882 41
882 901 47
902 216 42
216 902 5
902 564 33
564 902 100
903 43 18
43 903 38
903 51 7
51 903 35
903 579 41
579 903 2
904 84 100
84 904 31
904 531 31
531 904 48
904 817 1
817 904 14
905 117 100
117 905 100
905 192 6
192 905 0
906 819 100
819 906 19
906 904 32
904 906 100
907 37 47
37 907 36
907 683 30
683 907 19
909 162 36
162 909 39
909 419 14
419 909 7
909 484 38
484 909 100
909 753 44
753 909 21
909 944 39
944 909 36
910 449 100
449 910 33
911 42 6
42 911 22
911 171 9
171 911 34
911 178 34
178 911 9
911 509 21
509 911 30
911 917 100
917 911 33
912 146 10
146 912 3
912 155 100
155 912 23
912 330 3
330 912 6
913 254 29
254 913 100
913 421 29
421 913 6
913 534 33
534 913 11
913 574 0
574 913 37
913 625 10
625 913 10
913 914 37
914 913 29
916 2 30
2 916 34
916 327 41
327 916 11
916 612 14
612 916 100
916 733 11
733 916 41
916 910 34
910 916 17
916 959 44
959 916 34
917 401 18
401 917 6
917 452 6
452 917 33
918 31 100
31 918 100
918 177 100
177 918 6
918 778 6
778 918 31
918 947 4
947 918 18
919 49 0
49 919 32
920 178 14
178 920 34
921 448 33
448 921 30
921 676 15
676 921 35
921 926 16
926 921 33
921 978 35
978 921 100
922 53 22
53 922 36
922 67 30
67 922 1
922 436 100
436 922 26
922 646 36
646 922 1
922 746 100
746 922 28
923 588 100
588 923 22
923 668 33
668 923 100
924 215 100
215 924 10
924 507 1
507 924 9
924 730 9
730 924 15
924 947 8
947 924 40
925 170 27
170 925 45
925 347 4
347 925 5
925 503 5
503 925 12
925 866 42
866 925 27
925 908 36
908 925 42
926 230 4
230 926 22
926 301 16
301 926 17
926 358 24
358 926 43
926 462 100
462 926 33
926 744 24
744 926 24
927 121 28
121 927 6
927 290 100
290 927 28
927 360 1
360 927 1
927 954 100
954 927 2
928 111 4
111 928 27
928 242 26
242 928 4
929 267 100
267 929 40
929 309 5
309 929 100
929 452 33
452 929 3
929 651 100
651 929 37
929 943 100
943 929 5
929 966 3
966 929 0
930 122 32
122 930 4
930 135 32
135 930 32
930 280 2
280 930 32
930 655 26
655 930 13
930 790 32
790 930 22
931 260 6
260 931 100
931 377 35
377 931 6
931 765 100
765 931 100
933 180 100
180 933 18
933 459 100
459 933 11
933 684 11
684 933 30
934 232 100
232 934 0
934 411 4
411 934 4
934 677 23
677 934 37
934 792 11
792 934 23
934 848 4
848 934 31
934 951 0
951 934 11
935 486 25
486 935 14
935 969 100
969 935 100
936 83 20
83 936 2
936 260 100
260 936 6
936 296 5
296 936 20
936 459 37
459 936 5
937 192 21
192 937 6
937 433 12
433 937 6
937 488 31
488 937 14
937 909 14
909 937 21
938 202 42
202 938 2
938 918 4
918 938 100
939 224 17
224 939 29
939 633 29
633 939 38
940 19 32
19 940 25
940 105 21
105 940 2
940 394 14
394 940 100
940 504 2
504 940 32
941 232 37
232 941 3
941 854 100
854 941 22
942 323 46
323 942 3
942 791 100
791 942 34
942 869 34
869 942 46
943 298 100
298 943 11
943 508 7
508 943 39
943 570 11
570 943 7
943 605 6
605 943 5
943 760 17
760 943 8
944 299 100
299 944 100
944 544 100
544 944 36
945 742 24
742 945 24
945 994 100
994 945 17
947 42 0
42 947 40
947 43 7
43 947 18
947 494 18
494 947 3
947 659 3
659 947 18
947 844 22
844 947 7
948 450 100
450 948 16
948 740 24
740 948 100
949 500 12
500 949 100
949 610 100
610 949 1
950 88 14
88 950 14
950 179 2
179 950 8
950 381 6
381 950 3
950 938 42
938 950 2
951 6 100
6 951 24
951 413 100
413 951 3
951 668 3
668 951 44
951 724 24
724 951 25
952 182 10
182 952 33
952 212 6
212 952 11
952 276 11
276 952 23
952 399 7
399 952 10
952 423 38
423 952 7
952 853 23
853 952 12
953 91 4
91 953 31
953 107 31
107 953 28
953 875 34
875 953 24
954 315 7
315 954 37
954 574 37
574 954 0
954 675 37
675 954 30
954 867 27
867 954 40
954 992 0
992 954 2
955 236 25
236 955 1
955 562 17
562 955 19
955 577 22
577 955 29
955 919 27
919 955 25
956 96 30
96 956 15
956 290 43
290 956 17
957 438 13
438 957 20
957 624 7
624 957 100
957 699 34
699 957 13
957 786 40
786 957 2
957 811 2
811 957 40
957 858 1
858 957 100
958 270 30
270 958 31
958 625 100
625 958 100
958 882 31
882 958 13
958 984 13
984 958 100
959 4 12
4 959 7
959 180 21
180 959 18
959 196 18
196 959 0
959 279 1
279 959 100
959 318 14
318 959 11
959 325 9
325 959 12
959 361 11
361 959 34
959 676 44
676 959 11
959 872 7
872 959 48
960 56 1
56 960 14
960 179 3
179 960 24
960 298 27
298 960 3
960 323 24
323 960 0
960 647 14
647 960 12
961 126 100
126 961 37
961 346 9
346 961 100
961 482 0
482 961 42
963 316 4
316 963 20
963 363 26
363 963 10
963 424 100
424 963 4
963 596 28
596 963 17
963 816 33
816 963 7
963 844 17
844 963 28
963 847 100
847 963 26
964 549 4
549 964 100
965 158 23
158 965 100
965 409 18
409 965 15
965 695 6
695 965 14
965 817 14
817 965 18
966 130 4
130 966 30
966 153 37
153 966 100
966 177 4
177 966 22
966 280 100
280 966 37
966 730 100
730 966 9
966 801 36
801 966 0
966 947 22
947 966 4
967 195 100
195 967 30
967 526 6
526 967 100
967 543 100
543 967 6
968 39 23
39 968 14
968 677 34
677 968 0
968 857 4
857 968 31
968 981 31
981 968 9
969 270 12
270 969 30
969 721 30
721 969 11
969 783 11
783 969 25
969 905 8
905 969 1
970 378 11
378 970 100
970 567 100
567 970 100
970 729 36
729 970 28
971 165 100
165 971 4
971 317 8
317 971 100
971 392 4
392 971 100
971 571 9
571 971 46
971 791 15
791 971 9
972 304 40
304 972 31
973 123 3
123 973 10
973 204 29
204 973 2
973 333 29
333 973 6
973 622 2
622 973 48
973 805 10
805 973 29
973 959 48
959 973 0
973 967 0
967 973 26
975 948 100
948 975 100
976 164 8
164 976 26
976 454 100
454 976 100
976 509 38
509 976 0
976 649 0
649 976 38
976 962 100
962 976 19
977 389 3
389 977 100
977 396 100
396 977 5
977 497 4
497 977 3
978 221 11
221 978 100
978 288 32
288 978 48
978 428 36
428 978 32
979 547 11
547 979 100
980 5 0
5 980 100
980 114 20
114 980 0
980 723 19
723 980 20
980 974 100
974 980 19
981 880 6
880 981 38
982 253 100
253 982 37
982 323 40
323 982 26
982 511 31
511 982 40
982 768 23
768 982 7
982 825 9
825 982 23
982 882 26
882 982 31
982 920 37
920 982 44
983 171 6
171 983 30
983 614 30
614 983 100
983 812 34
812 983 6
984 250 34
250 984 40
984 658 3
658 984 28
984 803 1
803 984 14
984 954 48
954 984 34
985 44 11
44 985 24
985 423 100
423 985 27
985 572 5
572 985 11
985 626 8
626 985 5
986 298 11
298 986 4
986 615 35
615 986 6
986 866 26
866 986 16
987 89 6
89 987 29
987 656 38
656 987 32
987 661 29
661 987 100
988 149 4
149 988 0
988 187 0
187 988 14
988 239 100
239 988 12
988 544 36
544 988 7
989 362 100
362 989 32
989 906 32
906 989 19
990 286 1
286 990 9
990 315 100
315 990 0
990 356 100
356 990 22
990 513 3
513 990 1
990 575 39
575 990 3
991 256 12
256 991 37
991 323 12
323 991 100
991 526 21
526 991 100
992 523 27
523 992 100
992 641 26
641 992 2
993 460 16
460 993 100
993 497 3
497 993 4
993 555 30
555 993 15
993 686 35
686 993 29
993 843 0
843 993 5
993 846 5
846 993 3
993 954 29
954 993 30
994 339 100
339 994 28
994 340 100
340 994 100
994 709 28
709 994 17
995 169 24
169 995 35
995 451 23
451 995 15
995 561 100
561 995 24
995 648 11
648 995 100
996 67 7
67 996 100
997 45 6
45 997 100
997 82 100
82 997 14
997 489 41
489 997 100
997 950 14
950 997 100
999 77 100
77 999 100
999 125 100
125 999 26
999 213 100
213 999 41
999 383 3
383 999 22
999 672 100
672 999 100
999 793 2
793 999 16
999 929 21
929 999 2
