0 32 100
1 32 100
1 39 100
1 40 100
1 41 100
2 11 100
2 13 100
2 16 100
2 18 100
2 39 100
3 4 100
3 17 100
3 25 100
3 27 100
3 41 100
4 16 100
4 23 100
4 43 100
5 8 100
5 22 100
5 41 100
5 43 100
5 46 100
6 49 100
7 15 100
7 23 100
7 37 100
8 16 100
8 21 100
8 31 100
8 34 100
8 38 100
8 39 100
9 13 100
9 15 100
9 20 100
9 25 100
9 31 100
9 35 100
9 39 100
10 11 100
10 14 100
10 17 100
10 23 100
10 25 100
10 26 100
10 31 100
10 38 100
10 47 100
12 15 100
12 20 100
12 27 100
13 43 100
14 43 100
14 48 100
15 21 100
15 25 100
15 37 100
15 47 100
16 44 100
17 31 100
17 46 100
18 22 100
18 23 100
18 25 100
18 27 100
19 34 100
19 45 100
19 46 100
20 33 100
20 43 100
20 44 100
20 45 100
21 33 100
21 43 100
21 46 100
22 34 100
22 37 100
22 38 100
22 45 100
23 28 100
23 31 100
23 46 100
25 40 100
25 44 100
26 28 100
26 41 100
26 48 100
27 38 100
27 48 100
28 43 100
28 49 100
29 30 100
29 35 100
29 39 100
30 37 100
30 44 100
30 46 100
31 35 100
31 36 100
32 41 100
34 45 100
34 46 100
34 47 100
35 44 100
36 37 100
36 47 100
37 38 100
38 45 100
40 44 100
44 49 100
