29 44 0
1 39 0
14 42 0
30 36 0
15 49 0
15 36 0
31 11 0
34 33 0
37 22 0
37 23 0
43 19 0
42 4 0
44 24 0
39 9 0
13 18 0
3 12 0
19 5 0
4 33 0
49 34 0
19 15 0
35 37 0
3 19 0
0 37 0
2 37 0
12 39 0
10 5 0
10 4 0
11 7 0
29 3 0
16 42 0
21 22 0
5 43 0
29 11 0
47 0 0
45 32 0
37 49 0
1 39 0
36 3 0
26 48 0
44 36 0
6 7 0
42 17 0
14 21 0
20 30 0
16 44 0
4 23 0
37 33 0
34 17 0
12 31 0
17 9 0
15 6 0
8 19 0
22 21 0
45 19 0
9 1 0
26 2 0
21 40 0
25 43 0
22 41 0
39 27 0
16 28 0
12 0 0
46 24 0
33 13 0
36 49 0
20 44 0
18 15 0
41 42 0
39 37 0
13 48 0
40 39 0
2 13 0
31 28 0
7 4 0
21 46 0
33 38 0
25 45 0
40 21 0
22 26 0
34 8 0
25 6 0
2 45 0
22 46 0
39 11 0
33 3 0
11 25 0
42 16 0
39 24 0
44 46 0
30 17 0
44 13 0
7 19 0
10 0 0
42 32 0
26 29 0
40 3 0
35 45 0
48 7 0
41 37 0
20 26 0
40 34 0
1 33 0
0 42 0
9 46 0
40 39 0
13 35 0
4 23 0
6 14 0
23 1 0
49 1 0
30 39 0
4 15 0
36 2 0
25 29 0
41 47 0
7 34 0
31 11 0
19 31 0
3 28 0
27 44 0
19 43 0
31 23 0
18 37 0
39 43 0
44 20 0
30 48 0
36 18 0
2 13 0
48 45 0
10 5 0
29 42 0
16 48 0
25 22 0
28 3 0
16 47 0
48 47 0
22 16 0
36 12 0
9 27 0
0 3 0
47 32 0
3 35 0
1 7 0
48 49 0
4 11 0
6 34 0
3 25 0
34 28 0
47 13 0
33 15 0
10 31 0
14 35 0
47 0 0
47 8 0
29 49 0
13 29 0
34 16 0
14 35 0
25 15 0
36 30 0
26 42 0
16 29 0
19 2 0
9 16 0
15 45 0
33 28 0
26 47 0
13 26 0
0 12 0
36 29 0
13 0 0
8 47 0
16 25 0
32 44 0
40 20 0
26 18 0
15 44 0
49 34 0
46 8 0
3 12 0
3 36 0
42 32 0
34 7 0
10 34 0
19 46 0
15 34 0
46 24 0
32 15 0
1 16 0
11 43 0
11 2 0
31 10 0
38 29 0
20 41 0
43 24 0
28 35 0
8 12 0
42 20 0
46 13 0
16 11 0
0 15 0
37 34 0
32 40 0
0 43 0
33 39 0
30 44 0
43 13 0
4 32 0
44 25 0
23 38 0
23 11 0
15 18 0
31 13 0
33 49 0
27 35 0
19 46 0
7 22 0
41 40 0
11 23 0
37 7 0
36 43 0
39 31 0
20 14 0
18 46 0
34 33 0
14 17 0
47 0 0
17 24 0
35 33 0
40 7 0
32 49 0
29 23 0
40 42 0
47 29 0
49 35 0
22 40 0
18 43 0
5 39 0
16 25 0
36 3 0
10 2 0
20 7 0
4 37 0
33 40 0
21 26 0
47 5 0
27 28 0
28 19 0
20 27 0
48 20 0
13 21 0
10 33 0
16 17 0
23 32 0
42 11 0
35 3 0
13 8 0
12 18 0
45 48 0
10 18 0
26 9 0
23 3 0
37 4 0
23 7 0
31 23 0
29 46 0
44 42 0
30 12 0
9 5 0
47 4 0
16 34 0
9 31 0
42 23 0
1 38 0
21 13 0
8 49 0
22 34 0
5 11 0
40 30 0
21 23 0
3 0 0
20 0 0
42 2 0
12 4 0
7 9 0
8 25 0
44 17 0
8 36 0
40 10 0
26 14 0
23 37 0
15 48 0
21 20 0
9 13 0
0 32 0
36 4 0
33 8 0
6 27 0
10 18 0
31 19 0
28 41 0
46 24 0
8 5 0
10 1 0
15 39 0
17 40 0
26 32 0
38 49 0
5 0 0
12 7 0
32 48 0
11 17 0
7 19 0
47 19 0
38 28 0
39 18 0
20 35 0
42 30 0
42 4 0
33 7 0
43 0 0
0 21 0
35 38 0
20 40 0
40 34 0
47 25 0
33 11 0
44 42 0
30 41 0
13 20 0
20 4 0
38 42 0
42 30 0
22 34 0
35 8 0
44 30 0
8 44 0
2 45 0
34 22 0
37 25 0
7 35 0
2 42 0
48 46 0
36 30 0
40 49 0
1 12 0
6 39 0
4 48 0
22 28 0
32 7 0
38 26 0
37 47 0
20 39 0
44 5 0
14 32 0
32 23 0
19 36 0
15 17 0
34 3 0
49 24 0
4 0 0
36 10 0
8 14 0
23 41 0
21 11 0
19 10 0
10 40 0
2 5 0
47 16 0
39 31 0
39 8 0
17 6 0
25 1 0
11 24 0
28 15 0
27 16 0
26 19 0
11 34 0
33 36 0
27 6 0
49 47 0
16 10 0
39 20 0
17 36 0
36 8 0
17 27 0
16 36 0
35 43 0
37 46 0
19 17 0
12 46 0
34 40 0
17 45 0
24 0 0
31 2 0
8 30 0
1 25 0
42 40 0
47 11 0
26 34 0
19 45 0
13 35 0
31 1 0
30 20 0
47 0 0
38 11 0
46 24 0
1 14 0
19 28 0
16 2 0
32 25 0
32 33 0
2 27 0
23 49 0
40 1 0
35 10 0
46 49 0
47 29 0
2 28 0
28 39 0
13 26 0
13 16 0
40 34 0
44 9 0
36 26 0
34 21 0
9 38 0
0 34 0
39 40 0
35 25 0
0 31 0
26 0 0
12 28 0
28 14 0
29 8 0
3 44 0
34 19 0
11 27 0
5 7 0
36 42 0
34 22 0
15 45 0
10 15 0
32 49 0
7 17 0
26 8 0
1 2 0
10 13 0
32 38 0
27 14 0
46 33 0
8 30 0
4 19 0
7 9 0
27 45 0
1 13 0
17 18 0
10 29 0
35 42 0
31 43 0
12 7 0
3 13 0
12 13 0
28 46 0
1 6 0
10 49 0
41 19 0
31 45 0
40 39 0
4 19 0
36 8 0
32 4 0
26 45 0
33 14 0
37 14 0
7 1 0
24 10 0
14 38 0
23 43 0
34 26 0
1 45 0
25 44 0
16 6 0
39 6 0
47 45 0
26 34 0
3 10 0
40 32 0
5 23 0
48 45 0
40 5 0
46 16 0
17 13 0
4 40 0
8 40 0
18 11 0
35 43 0
5 1 0
1 44 0
10 1 0
41 38 0
35 47 0
48 25 0
31 6 0
0 29 0
1 42 0
34 49 0
10 1 0
43 22 0
5 11 0
33 42 0
6 40 0
46 9 0
36 8 0
10 28 0
46 47 0
25 44 0
24 6 0
0 25 0
35 3 0
19 21 0
5 30 0
24 19 0
46 17 0
44 3 0
30 29 0
46 36 0
20 44 0
45 8 0
2 8 0
36 48 0
5 13 0
44 30 0
21 47 0
7 8 0
0 28 0
29 7 0
8 3 0
29 7 0
22 25 0
10 2 0
4 8 0
40 26 0
2 36 0
35 6 0
46 23 0
4 1 0
37 1 0
33 10 0
48 42 0
19 0 0
21 0 0
8 31 0
6 37 0
38 28 0
12 1 0
33 18 0
9 23 0
45 14 0
11 32 0
22 7 0
7 29 0
11 44 0
30 44 0
7 28 0
37 26 0
28 10 0
28 36 0
41 34 0
25 32 0
15 39 0
33 48 0
8 44 0
23 5 0
10 35 0
39 33 0
44 46 0
12 5 0
43 42 0
20 39 0
28 0 0
49 6 0
37 42 0
41 14 0
24 8 0
4 9 0
8 14 0
4 31 0
19 16 0
18 10 0
49 13 0
6 13 0
18 49 0
5 20 0
1 27 0
11 29 0
28 12 0
36 17 0
5 29 0
33 29 0
39 37 0
39 47 0
3 45 0
30 24 0
11 49 0
34 11 0
14 43 0
26 34 0
42 32 0
7 46 0
11 18 0
25 41 0
31 13 0
10 36 0
17 35 0
33 8 0
32 37 0
3 15 0
13 17 0
14 48 0
41 6 0
14 35 0
38 23 0
31 2 0
42 9 0
45 25 0
24 6 0
13 21 0
2 30 0
6 35 0
41 39 0
24 44 0
6 38 0
11 20 0
38 41 0
2 29 0
48 18 0
16 38 0
42 0 0
42 34 0
9 38 0
11 35 0
46 24 0
6 48 0
6 13 0
35 47 0
4 12 0
44 10 0
2 7 0
32 40 0
1 36 0
21 49 0
4 39 0
39 46 0
39 34 0
32 0 0
22 43 0
36 18 0
19 42 0
18 26 0
7 3 0
25 13 0
15 19 0
25 19 0
27 9 0
9 30 0
45 32 0
31 0 0
22 20 0
46 13 0
6 29 0
14 28 0
24 0 0
48 44 0
44 18 0
22 4 0
22 47 0
17 39 0
19 43 0
9 48 0
4 20 0
28 0 0
5 9 0
0 29 0
31 48 0
42 38 0
27 6 0
18 4 0
8 19 0
48 3 0
37 20 0
7 11 0
19 26 0
3 40 0
21 14 0
38 26 0
36 16 0
26 41 0
27 28 0
22 9 0
26 15 0
49 4 0
23 17 0
8 32 0
38 8 0
37 26 0
30 44 0
39 1 0
22 42 0
42 44 0
6 30 0
22 43 0
49 48 0
36 28 0
26 9 0
37 2 0
26 38 0
8 49 0
8 18 0
31 46 0
28 20 0
24 8 0
12 39 0
6 4 0
35 15 0
34 7 0
10 35 0
7 46 0
14 33 0
5 3 0
37 33 0
42 48 0
33 0 0
18 16 0
46 49 0
37 21 0
9 3 0
37 21 0
42 43 0
25 27 0
10 12 0
36 20 0
47 43 0
17 11 0
28 24 0
17 16 0
8 9 0
16 43 0
9 36 0
9 7 0
35 46 0
30 45 0
2 17 0
16 46 0
13 42 0
24 23 0
6 10 0
44 3 0
6 13 0
17 34 0
39 34 0
2 49 0
43 18 0
42 4 0
5 4 0
13 42 0
2 44 0
37 4 0
11 6 0
1 26 0
48 27 0
0 4 0
39 46 0
9 45 0
11 26 0
30 2 0
12 32 0
2 7 0
3 46 0
11 10 0
0 27 0
2 3 0
21 40 0
7 34 0
48 10 0
11 48 0
37 13 0
4 27 0
11 13 0
42 4 0
26 4 0
39 28 0
14 42 0
25 27 0
2 27 0
30 25 0
46 40 0
10 44 0
0 23 0
42 40 0
38 46 0
19 49 0
12 43 0
25 4 0
48 1 0
10 37 0
32 24 0
29 9 0
2 33 0
36 6 0
37 17 0
34 36 0
9 46 0
30 9 0
19 25 0
1 7 0
23 20 0
8 35 0
14 33 0
39 14 0
36 2 0
3 18 0
26 32 0
27 30 0
17 16 0
37 4 0
33 21 0
42 44 0
17 25 0
5 38 0
0 7 0
47 23 0
27 7 0
9 43 0
42 0 0
7 28 0
2 10 0
47 31 0
44 26 0
42 48 0
18 27 0
21 10 0
21 40 0
37 29 0
30 37 0
36 29 0
36 24 0
9 28 0
24 16 0
9 29 0
27 8 0
10 21 0
34 23 0
35 29 0
24 3 0
8 45 0
15 32 0
38 3 0
11 18 0
42 47 0
0 5 0
12 36 0
31 21 0
17 8 0
38 26 0
37 17 0
34 49 0
40 20 0
22 27 0
1 46 0
32 10 0
44 48 0
42 32 0
2 47 0
2 4 0
5 14 0
41 36 0
38 10 0
44 28 0
38 33 0
45 22 0
34 37 0
44 7 0
15 46 0
5 47 0
6 49 0
47 0 0
33 2 0
3 38 0
0 5 0
42 5 0
21 35 0
41 11 0
45 38 0
39 33 0
23 36 0
7 8 0
26 2 0
15 41 0
0 20 0
40 8 0
22 38 0
8 7 0
40 11 0
45 40 0
18 40 0
47 41 0
25 41 0
3 23 0
29 44 0
8 2 0
33 16 0
10 9 0
20 27 0
0 22 0
0 40 0
30 24 0
30 38 0
31 21 0
49 29 0
13 19 0
19 11 0
12 46 0
4 17 0
19 33 0
12 28 0
37 45 0
46 0 0
4 16 0
29 6 0
38 29 0
46 18 0
5 29 0
8 37 0
0 7 0
18 15 0
28 37 0
28 40 0
35 32 0
8 5 0
17 22 0
35 7 0
19 31 0
7 23 0
49 36 0
29 39 0
18 27 0
7 23 0
6 15 0
12 8 0
24 30 0
26 4 0
19 6 0
46 5 0
39 6 0
12 8 0
28 47 0
15 47 0
30 22 0
22 29 0
11 3 0
18 31 0
33 27 0
6 41 0
44 19 0
2 20 0
1 28 0
26 23 0
34 22 0
30 25 0
29 44 0
34 9 0
41 49 0
9 23 0
24 31 0
2 35 0
37 22 0
16 20 0
1 24 0
11 45 0
43 15 0
17 47 0
22 30 0
17 4 0
7 46 0
48 41 0
8 39 0
43 17 0
12 17 0
0 16 0
4 37 0
40 22 0
9 41 0
46 23 0
38 42 0
38 5 0
39 32 0
0 13 0
14 17 0
17 21 0
